<TICKER>;<PER>;<DATE>;<TIME>;<OPEN>;<HIGH>;<LOW>;<CLOSE>;<AMOUNT>;<VOLUME>
GLDRUB_TOM;D;20150505;000000;1963.5;1976.2;1963.5;1976.2;0;0
GLDRUB_TOM;D;20150506;000000;1925;1925;1917;1924.5;0;0
GLDRUB_TOM;D;20150507;000000;1921.6;1921.6;1921.6;1921.6;0;0
GLDRUB_TOM;D;20150512;000000;1934;1934;1934;1934;0;0
GLDRUB_TOM;D;20150513;000000;1901.6;1901.6;1901.6;1901.6;0;0
GLDRUB_TOM;D;20150514;000000;1954;1970.2;1954;1970.2;0;0
GLDRUB_TOM;D;20150515;000000;1951.3;1951.3;1951.3;1951.3;0;0
GLDRUB_TOM;D;20150518;000000;1935;1941.1;1935;1941.1;0;0
GLDRUB_TOM;D;20150519;000000;1936;1936;1936;1936;0;0
GLDRUB_TOM;D;20150520;000000;1943;1946;1943;1943;0;0
GLDRUB_TOM;D;20150525;000000;1937;1937;1937;1937;0;0
GLDRUB_TOM;D;20150526;000000;1937.9;1938.4;1932;1938.4;0;0
GLDRUB_TOM;D;20150527;000000;1949.2;1956;1949.2;1956;0;0
GLDRUB_TOM;D;20150528;000000;2000;2018.4;2000;2018.4;0;0
GLDRUB_TOM;D;20150601;000000;2015;2054;2015;2054;0;0
GLDRUB_TOM;D;20150604;000000;2084.6;2111;2084.6;2111;0;0
GLDRUB_TOM;D;20150608;000000;2123.2;2123.2;2115;2121;0;0
GLDRUB_TOM;D;20150609;000000;2124;2124;2105.8;2105.8;0;0
GLDRUB_TOM;D;20150610;000000;2091;2091;2078.3;2078.3;0;0
GLDRUB_TOM;D;20150616;000000;2040;2040;2040;2040;0;0
GLDRUB_TOM;D;20150617;000000;2055;2055;2055;2055;0;0
GLDRUB_TOM;D;20150618;000000;2070;2070;2057;2057;0;0
GLDRUB_TOM;D;20150622;000000;2065;2065;2059;2059;0;0
GLDRUB_TOM;D;20150624;000000;2044.8;2056.8;2044.8;2056.8;0;0
GLDRUB_TOM;D;20150629;000000;2101.5;2102;2101.5;2102;0;0
GLDRUB_TOM;D;20150630;000000;2101;2101;2099.7;2099.7;0;0
GLDRUB_TOM;D;20150701;000000;2098.9;2098.9;2092;2092;0;0
GLDRUB_TOM;D;20150707;000000;2145.4;2145.4;2145.4;2145.4;0;0
GLDRUB_TOM;D;20150708;000000;2113;2119.9;2113;2118.3;0;0
GLDRUB_TOM;D;20150709;000000;2132;2132;2132;2132;0;0
GLDRUB_TOM;D;20150714;000000;2109.6;2109.6;2108;2108;0;0
GLDRUB_TOM;D;20150715;000000;2103;2103;2092.7;2092.7;0;0
GLDRUB_TOM;D;20150716;000000;2092.4;2092.4;2092.4;2092.4;0;0
GLDRUB_TOM;D;20150720;000000;2032.2;2032.2;2032.2;2032.2;0;0
GLDRUB_TOM;D;20150721;000000;2024.7;2028;2022.4;2022.4;0;0
GLDRUB_TOM;D;20150722;000000;2002;2005.5;2002;2002;0;0
GLDRUB_TOM;D;20150723;000000;2020;2034;2020;2034;0;0
GLDRUB_TOM;D;20150727;000000;2100.4;2100.4;2081.8;2091.9;0;0
GLDRUB_TOM;D;20150730;000000;2057.8;2082.3;2055;2082.3;0;0
GLDRUB_TOM;D;20150803;000000;2193;2213.6;2188;2213.6;0;0
GLDRUB_TOM;D;20150806;000000;2217;2237;2217;2236.5;0;0
GLDRUB_TOM;D;20150810;000000;2268.6;2268.6;2246;2246;0;0
GLDRUB_TOM;D;20150811;000000;2234.8;2270.5;2234.8;2270.5;0;0
GLDRUB_TOM;D;20150813;000000;2306.8;2312;2303.4;2303.4;0;0
GLDRUB_TOM;D;20150817;000000;2349;2349;2347;2347;0;0
GLDRUB_TOM;D;20150819;000000;2373.2;2373.2;2359.8;2360;0;0
GLDRUB_TOM;D;20150820;000000;2446.4;2476.5;2440;2476.5;0;0
GLDRUB_TOM;D;20150824;000000;2608.9;2636.9;2608.9;2621.6;0;0
GLDRUB_TOM;D;20150827;000000;2433;2434.2;2382.7;2382.7;0;0
GLDRUB_TOM;D;20150828;000000;2373.7;2433.1;2364;2364;0;0
GLDRUB_TOM;D;20150831;000000;2398.9;2433.6;2337.8;2337.8;0;0
GLDRUB_TOM;D;20150901;000000;2382.5;2432.8;2382.5;2432.8;0;0
GLDRUB_TOM;D;20150903;000000;2435;2438;2428.3;2428.6;0;0
GLDRUB_TOM;D;20150907;000000;2454.4;2461.4;2446.4;2461.4;0;0
GLDRUB_TOM;D;20150908;000000;2463;2471.1;2455;2455;0;0
GLDRUB_TOM;D;20150909;000000;2432.8;2432.8;2432.8;2432.8;0;0
GLDRUB_TOM;D;20150910;000000;2414;2428;2414;2428;0;0
GLDRUB_TOM;D;20150911;000000;2394;2394;2394;2394;0;0
GLDRUB_TOM;D;20150915;000000;2364.6;2364.6;2364.6;2364.6;0;0
GLDRUB_TOM;D;20150916;000000;2334.8;2334.8;2334.8;2334.8;0;0
GLDRUB_TOM;D;20150917;000000;2338;2360.5;2338;2360.5;0;0
GLDRUB_TOM;D;20150918;000000;2397;2401.6;2397;2401.6;0;0
GLDRUB_TOM;D;20150921;000000;2425.7;2426.8;2408;2408;0;0
GLDRUB_TOM;D;20150922;000000;2409;2414.8;2406.1;2406.1;0;0
GLDRUB_TOM;D;20150924;000000;2426;2462.8;2426;2447;0;0
GLDRUB_TOM;D;20150925;000000;2408;2408;2408;2408;0;0
GLDRUB_TOM;D;20150928;000000;2382.8;2395;2382.8;2395;0;0
GLDRUB_TOM;D;20150929;000000;2396;2396;2393.5;2393.5;0;0
GLDRUB_TOM;D;20150930;000000;2362.5;2362.5;2362.5;2362.5;0;0
GLDRUB_TOM;D;20151001;000000;2325.2;2347.9;2321.6;2339.8;0;0
GLDRUB_TOM;D;20151002;000000;2349;2432;2347;2432;0;0
GLDRUB_TOM;D;20151005;000000;2385;2387;2370;2370;0;0
GLDRUB_TOM;D;20151006;000000;2364.2;2382;2364.2;2374.4;0;0
GLDRUB_TOM;D;20151007;000000;2328.3;2328.3;2276.1;2276.1;0;0
GLDRUB_TOM;D;20151008;000000;2285.9;2292;2250;2250;0;0
GLDRUB_TOM;D;20151009;000000;2252;2283.5;2252;2283.5;0;0
GLDRUB_TOM;D;20151012;000000;2285.7;2324.1;2285.7;2324.1;0;0
GLDRUB_TOM;D;20151013;000000;2332;2363;2332;2363;0;0
GLDRUB_TOM;D;20151014;000000;2378;2381;2360;2363;0;0
GLDRUB_TOM;D;20151015;000000;2362.6;2385;2354.2;2385;0;0
GLDRUB_TOM;D;20151019;000000;2307.2;2330.1;2307.2;2330.1;0;0
GLDRUB_TOM;D;20151020;000000;2345.4;2352.9;2341.6;2346.1;0;0
GLDRUB_TOM;D;20151021;000000;2346.5;2372.7;2346.5;2369.5;0;0
GLDRUB_TOM;D;20151022;000000;2354.6;2355.8;2335.6;2351.6;0;0
GLDRUB_TOM;D;20151023;000000;2330.3;2337.8;2330.3;2333;0;0
GLDRUB_TOM;D;20151027;000000;2374;2393;2374;2393;0;0
GLDRUB_TOM;D;20151028;000000;2457;2467;2432.1;2432.1;0;0
GLDRUB_TOM;D;20151029;000000;2382;2405;2382;2403;0;0
GLDRUB_TOM;D;20151030;000000;2362.8;2362.8;2337;2337;0;0
GLDRUB_TOM;D;20151102;000000;2331;2345;2331;2335;0;0
GLDRUB_TOM;D;20151103;000000;2428;2428;2258;2258;0;0
GLDRUB_TOM;D;20151105;000000;2260;2260;2245;2245;0;0
GLDRUB_TOM;D;20151106;000000;2281;2281;2257;2264;0;0
GLDRUB_TOM;D;20151109;000000;2272.6;2275;2260;2264;0;0
GLDRUB_TOM;D;20151111;000000;2263.6;2286;2253.6;2286;0;0
GLDRUB_TOM;D;20151112;000000;2288.2;2300;2280.2;2300;0;0
GLDRUB_TOM;D;20151113;000000;2316;2322.3;2309.5;2318.7;0;0
GLDRUB_TOM;D;20151116;000000;2346.6;2346.6;2312.5;2323;0;0
GLDRUB_TOM;D;20151117;000000;2261.1;2282.5;2228.5;2228.5;0;0
GLDRUB_TOM;D;20151118;000000;2232.5;2232.5;2232.5;2232.5;0;0
GLDRUB_TOM;D;20151119;000000;2246;2249;2246;2248;0;0
GLDRUB_TOM;D;20151120;000000;2250.4;2264;2232;2232;0;0
GLDRUB_TOM;D;20151123;000000;2248.4;2270;2248.4;2254.1;0;0
GLDRUB_TOM;D;20151124;000000;2290;2292.5;2269.5;2269.5;0;0
GLDRUB_TOM;D;20151125;000000;2261.8;2275.9;2257.2;2257.2;0;0
GLDRUB_TOM;D;20151127;000000;2270.3;2275;2263.6;2265;0;0
GLDRUB_TOM;D;20151130;000000;2260.4;2267;2249;2250;0;0
GLDRUB_TOM;D;20151201;000000;2276.7;2283;2276.1;2276.1;0;0
GLDRUB_TOM;D;20151202;000000;2292;2302;2292;2302;0;0
GLDRUB_TOM;D;20151203;000000;2295;2295;2285.8;2289.3;0;0
GLDRUB_TOM;D;20151204;000000;2310.4;2366.8;2297;2366.8;0;0
GLDRUB_TOM;D;20151207;000000;2388.9;2397;2380.4;2397;0;0
GLDRUB_TOM;D;20151208;000000;2396;2396;2381;2381;0;0
GLDRUB_TOM;D;20151209;000000;2392.1;2403;2387;2403;0;0
GLDRUB_TOM;D;20151211;000000;2422;2432;2422;2432;0;0
GLDRUB_TOM;D;20151214;000000;2429.5;2429.5;2403.6;2411.7;0;0
GLDRUB_TOM;D;20151215;000000;2405;2410;2395;2395;0;0
GLDRUB_TOM;D;20151216;000000;2403;2416.8;2402.8;2416.8;0;0
GLDRUB_TOM;D;20151217;000000;2415;2415;2415;2415;0;0
GLDRUB_TOM;D;20151218;000000;2402;2418;2402;2418;0;0
GLDRUB_TOM;D;20151221;000000;2441.9;2458;2441.9;2458;0;0
GLDRUB_TOM;D;20151222;000000;2456;2456;2452.2;2452.3;0;0
GLDRUB_TOM;D;20151223;000000;2455.6;2455.6;2420;2420;0;0
GLDRUB_TOM;D;20151224;000000;2424;2424;2424;2424;0;0
GLDRUB_TOM;D;20151228;000000;2431;2480;2431;2480;0;0
GLDRUB_TOM;D;20151229;000000;2495;2495;2483;2483;0;0
GLDRUB_TOM;D;20160111;000000;2678.4;2690.1;2660.4;2690.1;0;0
GLDRUB_TOM;D;20160112;000000;2679.4;2679.4;2653;2653;0;0
GLDRUB_TOM;D;20160113;000000;2656;2656;2635;2650;0;0
GLDRUB_TOM;D;20160115;000000;2658;2658;2658;2658;0;0
GLDRUB_TOM;D;20160118;000000;2745.7;2745.7;2745.7;2745.7;0;0
GLDRUB_TOM;D;20160119;000000;2738;2738;2727;2729.4;0;0
GLDRUB_TOM;D;20160120;000000;2784.4;2884.8;2784.4;2884.8;0;0
GLDRUB_TOM;D;20160121;000000;3008.4;3009.1;2917;2917;0;0
GLDRUB_TOM;D;20160122;000000;2817;2817;2773.2;2773.2;0;0
GLDRUB_TOM;D;20160125;000000;2730;2842;2730;2810.3;0;0
GLDRUB_TOM;D;20160126;000000;2920;2930.2;2812;2812;0;0
GLDRUB_TOM;D;20160127;000000;2830;2850;2830;2832;0;0
GLDRUB_TOM;D;20160128;000000;2787.22;2787.22;2712;2712;0;0
GLDRUB_TOM;D;20160129;000000;2680;2680;2680;2680;0;0
GLDRUB_TOM;D;20160201;000000;2758;2760;2734;2760;0;0
GLDRUB_TOM;D;20160202;000000;2867;2879;2867;2879;0;0
GLDRUB_TOM;D;20160203;000000;2866;2866;2815;2829;0;0
GLDRUB_TOM;D;20160204;000000;2828;2837;2820;2837;0;0
GLDRUB_TOM;D;20160205;000000;2865;2865;2842;2842;0;0
GLDRUB_TOM;D;20160208;000000;2873;3043;2870;3043;0;0
GLDRUB_TOM;D;20160209;000000;3033;3075;2990;3047;0;0
GLDRUB_TOM;D;20160210;000000;3029;3029;2996;2996;0;0
GLDRUB_TOM;D;20160211;000000;3055;3234;3055;3234;0;0
GLDRUB_TOM;D;20160212;000000;3172;3172;3165;3165;0;0
GLDRUB_TOM;D;20160215;000000;3026;3026;2998;3020;0;0
GLDRUB_TOM;D;20160216;000000;2923;3000;2923;3000;0;0
GLDRUB_TOM;D;20160217;000000;3028;3036;2970;2970;0;0
GLDRUB_TOM;D;20160218;000000;2927;2985;2900;2985;0;0
GLDRUB_TOM;D;20160219;000000;3002;3044;3002;3039;0;0
GLDRUB_TOM;D;20160224;000000;3064;3077;3001;3001;0;0
GLDRUB_TOM;D;20160225;000000;3037;3056;2985;2985;0;0
GLDRUB_TOM;D;20160226;000000;2954;3000;2954;3000;0;0
GLDRUB_TOM;D;20160229;000000;2995;3003;2976;2979;0;0
GLDRUB_TOM;D;20160301;000000;2940;2947;2920;2920;0;0
GLDRUB_TOM;D;20160302;000000;2930;2930;2930;2930;0;0
GLDRUB_TOM;D;20160303;000000;2875;2960;2875;2960;0;0
GLDRUB_TOM;D;20160304;000000;2959;2990;2954;2981;0;0
GLDRUB_TOM;D;20160307;000000;2925;2939;2915;2939;0;0
GLDRUB_TOM;D;20160309;000000;2918;2926;2847;2847;0;0
GLDRUB_TOM;D;20160310;000000;2849;2924;2849;2924;0;0
GLDRUB_TOM;D;20160311;000000;2870;2870;2822;2822;0;0
GLDRUB_TOM;D;20160314;000000;2827;2831;2778;2778;0;0
GLDRUB_TOM;D;20160315;000000;2780;2794;2780;2794;0;0
GLDRUB_TOM;D;20160316;000000;2815;2815;2807;2807;0;0
GLDRUB_TOM;D;20160317;000000;2782;2782;2782;2782;0;0
GLDRUB_TOM;D;20160318;000000;2770;2770;2766;2766;0;0
GLDRUB_TOM;D;20160321;000000;2736;2739;2710;2710;0;0
GLDRUB_TOM;D;20160322;000000;2742;2742;2710;2710;0;0
GLDRUB_TOM;D;20160323;000000;2672;2690;2664;2672;0;0
GLDRUB_TOM;D;20160324;000000;2694;2694;2694;2694;0;0
GLDRUB_TOM;D;20160325;000000;2672;2672;2655;2655;0;0
GLDRUB_TOM;D;20160328;000000;2640;2675;2640;2675;0;0
GLDRUB_TOM;D;20160329;000000;2708;2720;2704;2720;0;0
GLDRUB_TOM;D;20160330;000000;2678;2678;2678;2678;0;0
GLDRUB_TOM;D;20160331;000000;2678;2678;2659;2659;0;0
GLDRUB_TOM;D;20160401;000000;2660;2690;2660;2680;0;0
GLDRUB_TOM;D;20160404;000000;2680;2680;2680;2680;0;0
GLDRUB_TOM;D;20160405;000000;2717;2742;2708;2708;0;0
GLDRUB_TOM;D;20160406;000000;2698;2698;2698;2698;0;0
GLDRUB_TOM;D;20160407;000000;2712;2727;2712;2727;0;0
GLDRUB_TOM;D;20160411;000000;2709;2709;2683;2691;0;0
GLDRUB_TOM;D;20160412;000000;2680;2680;2680;2680;0;0
GLDRUB_TOM;D;20160413;000000;2652;2652;2652;2652;0;0
GLDRUB_TOM;D;20160414;000000;2636;2641;2595;2595;0;0
GLDRUB_TOM;D;20160415;000000;2626;2626;2626;2626;0;0
GLDRUB_TOM;D;20160418;000000;2685;2685;2685;2685;0;0
GLDRUB_TOM;D;20160419;000000;2621;2648;2621;2648;0;0
GLDRUB_TOM;D;20160420;000000;2657;2657;2630;2638;0;0
GLDRUB_TOM;D;20160421;000000;2650;2651;2650;2651;0;0
GLDRUB_TOM;D;20160422;000000;2645;2645;2645;2645;0;0
GLDRUB_TOM;D;20160425;000000;2621;2656;2621;2656;0;0
GLDRUB_TOM;D;20160427;000000;2603;2638;2602;2604;0;0
GLDRUB_TOM;D;20160428;000000;2620;2635;2620;2635;0;0
GLDRUB_TOM;D;20160429;000000;2669;2688;2669;2673;0;0
GLDRUB_TOM;D;20160504;000000;2726;2728;2709;2717;0;0
GLDRUB_TOM;D;20160505;000000;2698;2700;2690;2700;0;0
GLDRUB_TOM;D;20160506;000000;2732.02;2732.02;2730;2730;0;0
GLDRUB_TOM;D;20160510;000000;2693;2694;2690;2690;0;0
GLDRUB_TOM;D;20160512;000000;2647;2674;2630;2674;0;0
GLDRUB_TOM;D;20160513;000000;2662;2662;2662;2662;0;0
GLDRUB_TOM;D;20160516;000000;2668;2678;2668;2673;0;0
GLDRUB_TOM;D;20160518;000000;2676;2676;2665;2665;0;0
GLDRUB_TOM;D;20160519;000000;2677;2677;2675;2675;0;0
GLDRUB_TOM;D;20160520;000000;2693;2693;2693;2693;0;0
GLDRUB_TOM;D;20160523;000000;2690;2696;2683;2683;0;0
GLDRUB_TOM;D;20160524;000000;2677;2677;2630;2632;0;0
GLDRUB_TOM;D;20160525;000000;2590;2592;2568;2568;0;0
GLDRUB_TOM;D;20160526;000000;2570;2585;2570;2585;0;0
GLDRUB_TOM;D;20160530;000000;2551;2560;2551;2560;0;0
GLDRUB_TOM;D;20160531;000000;2576;2576;2576;2576;0;0
GLDRUB_TOM;D;20160601;000000;2625;2625;2625;2625;0;0
GLDRUB_TOM;D;20160602;000000;2609;2624;2600;2624;0;0
GLDRUB_TOM;D;20160606;000000;2617;2617;2617;2617;0;0
GLDRUB_TOM;D;20160607;000000;2583;2583;2583;2583;0;0
GLDRUB_TOM;D;20160608;000000;2591;2593;2574;2593;0;0
GLDRUB_TOM;D;20160609;000000;2567;2610;2567;2610;0;0
GLDRUB_TOM;D;20160610;000000;2633;2634;2627;2627;0;0
GLDRUB_TOM;D;20160614;000000;2729;2729;2715;2715;0;0
GLDRUB_TOM;D;20160615;000000;2714;2714;2693;2693;0;0
GLDRUB_TOM;D;20160616;000000;2766;2774;2715;2715;0;0
GLDRUB_TOM;D;20160617;000000;2693;2693;2693;2693;0;0
GLDRUB_TOM;D;20160620;000000;2645;2655;2634;2634;0;0
GLDRUB_TOM;D;20160621;000000;2639;2646;2610;2610;0;0
GLDRUB_TOM;D;20160622;000000;2610;2625;2610;2625;0;0
GLDRUB_TOM;D;20160623;000000;2605;2609;2605;2609;0;0
GLDRUB_TOM;D;20160624;000000;2790;2790;2748;2762;0;0
GLDRUB_TOM;D;20160627;000000;2769;2769;2769;2769;0;0
GLDRUB_TOM;D;20160628;000000;2725;2725;2725;2725;0;0
GLDRUB_TOM;D;20160629;000000;2734;2734;2720;2720;0;0
GLDRUB_TOM;D;20160630;000000;2719;2722;2719;2722;0;0
GLDRUB_TOM;D;20160701;000000;2730;2754;2730;2747;0;0
GLDRUB_TOM;D;20160704;000000;2753;2773;2751;2773;0;0
GLDRUB_TOM;D;20160706;000000;2845;2848;2844;2844;0;0
GLDRUB_TOM;D;20160707;000000;2810;2812;2808;2808;0;0
GLDRUB_TOM;D;20160708;000000;2780;2780;2780;2780;0;0
GLDRUB_TOM;D;20160711;000000;2806;2808;2789.5;2789.5;0;0
GLDRUB_TOM;D;20160715;000000;2701;2704;2697;2698;0;0
GLDRUB_TOM;D;20160719;000000;2710;2722;2710;2714;0;0
GLDRUB_TOM;D;20160720;000000;2700;2701;2686;2686;0;0
GLDRUB_TOM;D;20160722;000000;2745.01;2752;2745;2752;0;0
GLDRUB_TOM;D;20160725;000000;2738;2745;2734;2737;0;0
GLDRUB_TOM;D;20160726;000000;2805;2816;2805;2816;0;0
GLDRUB_TOM;D;20160727;000000;2797;2805;2797;2805;0;0
GLDRUB_TOM;D;20160728;000000;2853;2864;2853;2864;0;0
GLDRUB_TOM;D;20160729;000000;2868;2880;2860;2880;0;0
GLDRUB_TOM;D;20160801;000000;2854;2891;2854;2891;0;0
GLDRUB_TOM;D;20160802;000000;2902;2932;2900;2932;0;0
GLDRUB_TOM;D;20160803;000000;2916;2916;2885;2885;0;0
GLDRUB_TOM;D;20160808;000000;2782;2782;2770;2770;0;0
GLDRUB_TOM;D;20160809;000000;2789;2789;2789;2789;0;0
GLDRUB_TOM;D;20160810;000000;2797;2811;2797;2811;0;0
GLDRUB_TOM;D;20160811;000000;2763;2763;2763;2763;0;0
GLDRUB_TOM;D;20160812;000000;2762;2806;2762;2806;0;0
GLDRUB_TOM;D;20160815;000000;2763;2766;2756;2756;0;0
GLDRUB_TOM;D;20160816;000000;2760;2760;2760;2760;0;0
GLDRUB_TOM;D;20160818;000000;2765;2765;2765;2765;0;0
GLDRUB_TOM;D;20160819;000000;2754;2770;2754;2758;0;0
GLDRUB_TOM;D;20160822;000000;2779;2779;2779;2779;0;0
GLDRUB_TOM;D;20160824;000000;2780;2780;2763;2763;0;0
GLDRUB_TOM;D;20160825;000000;2763;2765;2742;2742;0;0
GLDRUB_TOM;D;20160829;000000;2758;2758;2758;2758;0;0
GLDRUB_TOM;D;20160830;000000;2750;2750;2750;2750;0;0
GLDRUB_TOM;D;20160831;000000;2746;2757;2742;2742;0;0
GLDRUB_TOM;D;20160901;000000;2742;2784;2742;2784;0;0
GLDRUB_TOM;D;20160905;000000;2757;2774;2750;2774;0;0
GLDRUB_TOM;D;20160906;000000;2761;2786;2761;2786;0;0
GLDRUB_TOM;D;20160908;000000;2767;2767;2739;2739;0;0
GLDRUB_TOM;D;20160909;000000;2773;2773;2773;2773;0;0
GLDRUB_TOM;D;20160912;000000;2782;2782;2782;2782;0;0
GLDRUB_TOM;D;20160913;000000;2771;2771;2770;2770;0;0
GLDRUB_TOM;D;20160914;000000;2759;2765;2752;2765;0;0
GLDRUB_TOM;D;20160916;000000;2742;2742;2742;2742;0;0
GLDRUB_TOM;D;20160919;000000;2734;2734;2733;2733;0;0
GLDRUB_TOM;D;20160920;000000;2735;2739;2732;2739;0;0
GLDRUB_TOM;D;20160921;000000;2736;2736;2736;2736;0;0
GLDRUB_TOM;D;20160922;000000;2726;2733;2726;2733;0;0
GLDRUB_TOM;D;20160923;000000;2733;2733;2733;2733;0;0
GLDRUB_TOM;D;20160926;000000;2745;2749;2745;2748;0;0
GLDRUB_TOM;D;20160927;000000;2734;2742;2720;2720;0;0
GLDRUB_TOM;D;20160928;000000;2727;2727;2727;2727;0;0
GLDRUB_TOM;D;20160929;000000;2680;2692;2671;2671;0;0
GLDRUB_TOM;D;20160930;000000;2700;2700;2691;2691;0;0
GLDRUB_TOM;D;20161003;000000;2640;2647;2624;2624;0;0
GLDRUB_TOM;D;20161004;000000;2628;2631;2568;2568;0;0
GLDRUB_TOM;D;20161005;000000;2550;2550;2540;2540;0;0
GLDRUB_TOM;D;20161006;000000;2532;2544;2509;2509;0;0
GLDRUB_TOM;D;20161007;000000;2512;2514;2486;2486;0;0
GLDRUB_TOM;D;20161011;000000;2506;2521;2506;2520;0;0
GLDRUB_TOM;D;20161012;000000;2522;2522;2522;2522;0;0
GLDRUB_TOM;D;20161013;000000;2561;2561;2561;2561;0;0
GLDRUB_TOM;D;20161014;000000;2536;2537;2536;2537;0;0
GLDRUB_TOM;D;20161017;000000;2533;2542;2533;2542;0;0
GLDRUB_TOM;D;20161018;000000;2550;2550;2550;2550;0;0
GLDRUB_TOM;D;20161019;000000;2550;2550;2550;2550;0;0
GLDRUB_TOM;D;20161020;000000;2549;2549;2549;2549;0;0
GLDRUB_TOM;D;20161021;000000;2539;2543;2526;2543;0;0
GLDRUB_TOM;D;20161024;000000;2531;2535;2520;2520;0;0
GLDRUB_TOM;D;20161025;000000;2535;2535;2535;2535;0;0
GLDRUB_TOM;D;20161026;000000;2547;2550;2541;2541;0;0
GLDRUB_TOM;D;20161027;000000;2565;2565;2565;2565;0;0
GLDRUB_TOM;D;20161028;000000;2570;2570;2570;2570;0;0
GLDRUB_TOM;D;20161031;000000;2590;2590;2578;2578;0;0
GLDRUB_TOM;D;20161101;000000;2593;2601;2592;2601;0;0
GLDRUB_TOM;D;20161102;000000;2641;2675;2641;2675;0;0
GLDRUB_TOM;D;20161107;000000;2638;2638;2633;2633;0;0
GLDRUB_TOM;D;20161108;000000;2635;2635;2625;2630;0;0
GLDRUB_TOM;D;20161109;000000;2685;2685;2653;2653;0;0
GLDRUB_TOM;D;20161111;000000;2638;2638;2638;2638;0;0
GLDRUB_TOM;D;20161115;000000;2586;2586;2540;2540;0;0
GLDRUB_TOM;D;20161116;000000;2545;2545;2545;2545;0;0
GLDRUB_TOM;D;20161117;000000;2530;2530;2530;2530;0;0
GLDRUB_TOM;D;20161118;000000;2520;2530;2520;2528;0;0
GLDRUB_TOM;D;20161121;000000;2509;2509;2497;2497;0;0
GLDRUB_TOM;D;20161122;000000;2504;2504;2504;2504;0;0
GLDRUB_TOM;D;20161123;000000;2469;2469;2469;2469;0;0
GLDRUB_TOM;D;20161124;000000;2459;2459;2459;2459;0;0
GLDRUB_TOM;D;20161125;000000;2472;2473;2459;2459;0;0
GLDRUB_TOM;D;20161128;000000;2500;2500;2471;2471;0;0
GLDRUB_TOM;D;20161129;000000;2490;2491;2481;2491;0;0
GLDRUB_TOM;D;20161130;000000;2430;2430;2422;2422;0;0
GLDRUB_TOM;D;20161201;000000;2403;2411;2403;2411;0;0
GLDRUB_TOM;D;20161202;000000;2430;2430;2422;2422;0;0
GLDRUB_TOM;D;20161206;000000;2404;2405;2397;2397;0;0
GLDRUB_TOM;D;20161207;000000;2406;2406;2397;2397;0;0
GLDRUB_TOM;D;20161209;000000;2366;2366;2359;2359;0;0
GLDRUB_TOM;D;20161212;000000;2299;2299;2267;2280;0;0
GLDRUB_TOM;D;20161213;000000;2279;2279;2248;2248;0;0
GLDRUB_TOM;D;20161214;000000;2270;2295;2270;2290;0;0
GLDRUB_TOM;D;20161215;000000;2260;2260;2239;2241;0;0
GLDRUB_TOM;D;20161216;000000;2240;2240;2240;2240;0;0
GLDRUB_TOM;D;20161219;000000;2269;2269;2264;2264;0;0
GLDRUB_TOM;D;20161220;000000;2251;2251;2251;2251;0;0
GLDRUB_TOM;D;20161221;000000;2236;2236;2225;2225;0;0
GLDRUB_TOM;D;20161222;000000;2218;2218;2215;2215;0;0
GLDRUB_TOM;D;20161223;000000;2217;2227;2217;2220;0;0
GLDRUB_TOM;D;20161227;000000;2240;2240;2240;2240;0;0
GLDRUB_TOM;D;20161228;000000;2230;2230;2211;2211;0;0
GLDRUB_TOM;D;20161229;000000;2229;2243;2222;2243;0;0
GLDRUB_TOM;D;20161230;000000;2283;2294;2283;2294;0;0
GLDRUB_TOM;D;20170109;000000;2268;2268;2268;2268;0;0
GLDRUB_TOM;D;20170110;000000;2288;2288;2288;2288;0;0
GLDRUB_TOM;D;20170111;000000;2308;2308;2295;2295;0;0
GLDRUB_TOM;D;20170112;000000;2304;2304;2304;2304;0;0
GLDRUB_TOM;D;20170113;000000;2290;2292;2290;2292;0;0
GLDRUB_TOM;D;20170116;000000;2311;2311;2311;2311;0;0
GLDRUB_TOM;D;20170118;000000;2320;2320;2320;2320;0;0
GLDRUB_TOM;D;20170119;000000;2312;2312;2310;2310;0;0
GLDRUB_TOM;D;20170120;000000;2300;2315;2300;2314;0;0
GLDRUB_TOM;D;20170124;000000;2316;2316;2313;2313;0;0
GLDRUB_TOM;D;20170125;000000;2292;2292;2286;2286;0;0
GLDRUB_TOM;D;20170126;000000;2304;2312;2304;2305;0;0
GLDRUB_TOM;D;20170127;000000;2279;2279;2279;2279;0;0
GLDRUB_TOM;D;20170130;000000;2300;2308;2295;2308;0;0
GLDRUB_TOM;D;20170131;000000;2317;2335;2311;2335;0;0
GLDRUB_TOM;D;20170201;000000;2346;2346;2341;2341;0;0
GLDRUB_TOM;D;20170202;000000;2339;2341;2339;2341;0;0
GLDRUB_TOM;D;20170203;000000;2315;2315;2315;2315;0;0
GLDRUB_TOM;D;20170206;000000;2314;2328;2314;2328;0;0
GLDRUB_TOM;D;20170207;000000;2348;2352;2348;2352;0;0
GLDRUB_TOM;D;20170208;000000;2365;2365;2365;2365;0;0
GLDRUB_TOM;D;20170209;000000;2350;2350;2343;2343;0;0
GLDRUB_TOM;D;20170210;000000;2316;2316;2307;2308;0;0
GLDRUB_TOM;D;20170213;000000;2302;2302;2284;2284;0;0
GLDRUB_TOM;D;20170214;000000;2272;2272;2272;2272;0;0
GLDRUB_TOM;D;20170215;000000;2278;2278;2278;2278;0;0
GLDRUB_TOM;D;20170216;000000;2277;2277;2277;2277;0;0
GLDRUB_TOM;D;20170217;000000;2305;2325;2305;2325;0;0
GLDRUB_TOM;D;20170220;000000;2308;2314;2307;2314;0;0
GLDRUB_TOM;D;20170221;000000;2280;2280;2280;2280;0;0
GLDRUB_TOM;D;20170222;000000;2305;2305;2305;2305;0;0
GLDRUB_TOM;D;20170227;000000;2345;2345;2332;2332;0;0
GLDRUB_TOM;D;20170228;000000;2332;2344;2332;2340;0;0
GLDRUB_TOM;D;20170301;000000;2330;2330;2323;2323;0;0
GLDRUB_TOM;D;20170302;000000;2345;2345;2330;2336;0;0
GLDRUB_TOM;D;20170303;000000;2321;2321;2321;2321;0;0
GLDRUB_TOM;D;20170306;000000;2314;2314;2300;2300;0;0
GLDRUB_TOM;D;20170307;000000;2285;2285;2273;2273;0;0
GLDRUB_TOM;D;20170309;000000;2298;2298;2298;2298;0;0
GLDRUB_TOM;D;20170310;000000;2277;2285;2277;2285;0;0
GLDRUB_TOM;D;20170313;000000;2300;2300;2298;2298;0;0
GLDRUB_TOM;D;20170314;000000;2283;2283;2283;2283;0;0
GLDRUB_TOM;D;20170315;000000;2281;2287;2280;2280;0;0
GLDRUB_TOM;D;20170316;000000;2285;2290;2280;2280;0;0
GLDRUB_TOM;D;20170317;000000;2285;2290;2285;2290;0;0
GLDRUB_TOM;D;20170320;000000;2274;2274;2270.02;2270.02;0;0
GLDRUB_TOM;D;20170321;000000;2268;2270;2268;2270;0;0
GLDRUB_TOM;D;20170322;000000;2319;2324;2308;2318;0;0
GLDRUB_TOM;D;20170323;000000;2315;2315;2310;2310;0;0
GLDRUB_TOM;D;20170324;000000;2300;2300;2300;2300;0;0
GLDRUB_TOM;D;20170327;000000;2300;2312;2300;2312;0;0
GLDRUB_TOM;D;20170329;000000;2295;2295;2280;2280;0;0
GLDRUB_TOM;D;20170330;000000;2254.5;2254.5;2254.5;2254.5;0;0
GLDRUB_TOM;D;20170331;000000;2230.5;2250;2230.5;2250;0;0
GLDRUB_TOM;D;20170403;000000;2263.5;2263.5;2263.5;2263.5;0;0
GLDRUB_TOM;D;20170404;000000;2292.5;2292.5;2284.5;2284.5;0;0
GLDRUB_TOM;D;20170405;000000;2255;2258;2249.5;2257.5;0;0
GLDRUB_TOM;D;20170406;000000;2272;2272;2272;2272;0;0
GLDRUB_TOM;D;20170407;000000;2316.56;2323;2315;2323;0;0
GLDRUB_TOM;D;20170410;000000;2297.5;2312;2296.5;2312;0;0
GLDRUB_TOM;D;20170411;000000;2301.5;2301.5;2301.5;2301.5;0;0
GLDRUB_TOM;D;20170417;000000;2329;2329;2323;2323;0;0
GLDRUB_TOM;D;20170418;000000;2314.5;2321;2314.5;2321;0;0
GLDRUB_TOM;D;20170419;000000;2312.44;2312.5;2312.44;2312.5;0;0
GLDRUB_TOM;D;20170421;000000;2309;2309;2309;2309;0;0
GLDRUB_TOM;D;20170424;000000;2290;2290;2290;2290;0;0
GLDRUB_TOM;D;20170426;000000;2300;2300;2300;2300;0;0
GLDRUB_TOM;D;20170427;000000;2312.06;2320;2311;2318;0;0
GLDRUB_TOM;D;20170428;000000;2320.5;2320.5;2320.5;2320.5;0;0
GLDRUB_TOM;D;20170502;000000;2299;2303.5;2298;2300;0;0
GLDRUB_TOM;D;20170503;000000;2304.5;2304.5;2299;2299;0;0
GLDRUB_TOM;D;20170504;000000;2284;2305;2284;2305;0;0
GLDRUB_TOM;D;20170505;000000;2310;2316.5;2292.5;2292.5;0;0
GLDRUB_TOM;D;20170510;000000;2281.5;2281.5;2281.5;2281.5;0;0
GLDRUB_TOM;D;20170512;000000;2257.5;2260;2257.5;2260;0;0
GLDRUB_TOM;D;20170515;000000;2227;2227;2227;2227;0;0
GLDRUB_TOM;D;20170516;000000;2241;2241;2234;2234;0;0
GLDRUB_TOM;D;20170517;000000;2298.5;2300.5;2298.5;2300;0;0
GLDRUB_TOM;D;20170518;000000;2322;2353;2322;2345;0;0
GLDRUB_TOM;D;20170522;000000;2295;2295;2295;2295;0;0
GLDRUB_TOM;D;20170523;000000;2291;2291;2291;2291;0;0
GLDRUB_TOM;D;20170524;000000;2266;2273;2266;2273;0;0
GLDRUB_TOM;D;20170525;000000;2275;2275;2268;2268;0;0
GLDRUB_TOM;D;20170526;000000;2307.55;2307.55;2306.5;2306.5;0;0
GLDRUB_TOM;D;20170529;000000;2304.5;2304.5;2304.5;2304.5;0;0
GLDRUB_TOM;D;20170530;000000;2304.95;2305;2304.95;2305;0;0
GLDRUB_TOM;D;20170531;000000;2307.5;2313;2307.5;2311.5;0;0
GLDRUB_TOM;D;20170601;000000;2301;2301;2300;2300;0;0
GLDRUB_TOM;D;20170602;000000;2303.5;2303.5;2303.5;2303.5;0;0
GLDRUB_TOM;D;20170605;000000;2334;2335;2334;2335;0;0
GLDRUB_TOM;D;20170606;000000;2347;2357;2347;2357;0;0
GLDRUB_TOM;D;20170607;000000;2349;2354;2347.41;2349;0;0
GLDRUB_TOM;D;20170608;000000;2350.5;2350.5;2334.92;2335;0;0
GLDRUB_TOM;D;20170613;000000;2312;2312;2312;2312;0;0
GLDRUB_TOM;D;20170614;000000;2324;2345;2324;2345;0;0
GLDRUB_TOM;D;20170615;000000;2327;2327;2327;2327;0;0
GLDRUB_TOM;D;20170616;000000;2326.5;2329.5;2326;2329.5;0;0
GLDRUB_TOM;D;20170620;000000;2371.12;2374;2371.12;2374;0;0
GLDRUB_TOM;D;20170621;000000;2401.85;2402.5;2401.85;2402.5;0;0
GLDRUB_TOM;D;20170622;000000;2414.5;2418;2410;2410.5;0;0
GLDRUB_TOM;D;20170623;000000;2408.15;2410;2400;2410;0;0
GLDRUB_TOM;D;20170626;000000;2381;2381;2352;2366.5;0;0
GLDRUB_TOM;D;20170627;000000;2364.89;2374.5;2364.89;2374.5;0;0
GLDRUB_TOM;D;20170628;000000;2392.5;2401;2390;2394;0;0
GLDRUB_TOM;D;20170629;000000;2366;2366;2365;2365;0;0
GLDRUB_TOM;D;20170630;000000;2368;2372;2359;2359;0;0
GLDRUB_TOM;D;20170703;000000;2337;2337;2337;2337;0;0
GLDRUB_TOM;D;20170704;000000;2328.5;2328.5;2326.5;2327;0;0
GLDRUB_TOM;D;20170705;000000;2354;2360;2354;2360;0;0
GLDRUB_TOM;D;20170706;000000;2367;2367;2367;2367;0;0
GLDRUB_TOM;D;20170710;000000;2334;2338.5;2334;2338.5;0;0
GLDRUB_TOM;D;20170712;000000;2365;2365;2363;2363;0;0
GLDRUB_TOM;D;20170713;000000;2360.5;2361.5;2354.5;2354.5;0;0
GLDRUB_TOM;D;20170714;000000;2348.5;2348.5;2348.5;2348.5;0;0
GLDRUB_TOM;D;20170719;000000;2355;2360;2355;2360;0;0
GLDRUB_TOM;D;20170720;000000;2354.5;2354.5;2346.5;2354;0;0
GLDRUB_TOM;D;20170721;000000;2361.5;2361.5;2357.5;2359.5;0;0
GLDRUB_TOM;D;20170725;000000;2410.5;2411;2410.5;2411;0;0
GLDRUB_TOM;D;20170726;000000;2397;2397;2397;2397;0;0
GLDRUB_TOM;D;20170727;000000;2416;2416;2416;2416;0;0
GLDRUB_TOM;D;20170728;000000;2406.5;2407;2402.5;2402.5;0;0
GLDRUB_TOM;D;20170731;000000;2430;2449.5;2430;2440;0;0
GLDRUB_TOM;D;20170801;000000;2445.5;2448.5;2445.5;2448.5;0;0
GLDRUB_TOM;D;20170803;000000;2452;2460;2452;2460;0;0
GLDRUB_TOM;D;20170804;000000;2457;2457;2442;2442;0;0
GLDRUB_TOM;D;20170807;000000;2430;2430;2420.5;2420.5;0;0
GLDRUB_TOM;D;20170808;000000;2428;2428;2412;2412;0;0
GLDRUB_TOM;D;20170809;000000;2454;2456;2453;2455;0;0
GLDRUB_TOM;D;20170810;000000;2470;2470;2470;2470;0;0
GLDRUB_TOM;D;20170811;000000;2485;2485;2485;2485;0;0
GLDRUB_TOM;D;20170814;000000;2456.5;2456.5;2456.5;2456.5;0;0
GLDRUB_TOM;D;20170815;000000;2452.5;2452.5;2443.5;2443.5;0;0
GLDRUB_TOM;D;20170816;000000;2435;2435;2435;2435;0;0
GLDRUB_TOM;D;20170817;000000;2465;2465;2442;2442;0;0
GLDRUB_TOM;D;20170818;000000;2469.98;2476.5;2465;2476.5;0;0
GLDRUB_TOM;D;20170821;000000;2446;2446;2446;2446;0;0
GLDRUB_TOM;D;20170822;000000;2436;2436;2434;2434;0;0
GLDRUB_TOM;D;20170824;000000;2440;2441;2438.5;2440.5;0;0
GLDRUB_TOM;D;20170825;000000;2441.5;2445;2441.5;2445;0;0
GLDRUB_TOM;D;20170828;000000;2429.5;2440;2429.5;2440;0;0
GLDRUB_TOM;D;20170829;000000;2481;2499;2481;2490.51;0;0
GLDRUB_TOM;D;20170830;000000;2464.5;2472.5;2454;2454;0;0
GLDRUB_TOM;D;20170831;000000;2455;2455;2450;2450;0;0
GLDRUB_TOM;D;20170901;000000;2459;2459.5;2444;2444;0;0
GLDRUB_TOM;D;20170904;000000;2481;2484;2475.5;2480;0;0
GLDRUB_TOM;D;20170905;000000;2470;2476.5;2460;2460;0;0
GLDRUB_TOM;D;20170906;000000;2462;2470;2455;2455;0;0
GLDRUB_TOM;D;20170907;000000;2450;2453;2450;2453;0;0
GLDRUB_TOM;D;20170908;000000;2475.5;2478.5;2473.5;2477.5;0;0
GLDRUB_TOM;D;20170911;000000;2453.5;2455;2453.5;2455;0;0
GLDRUB_TOM;D;20170912;000000;2444;2465;2444;2465;0;0
GLDRUB_TOM;D;20170913;000000;2472;2472;2465;2469;0;0
GLDRUB_TOM;D;20170914;000000;2458;2458;2455;2455;0;0
GLDRUB_TOM;D;20170915;000000;2454.5;2454.5;2445;2445;0;0
GLDRUB_TOM;D;20170918;000000;2433.5;2437;2433;2436;0;0
GLDRUB_TOM;D;20170919;000000;2443.5;2445;2438;2438;0;0
GLDRUB_TOM;D;20170920;000000;2444;2444;2436;2436;0;0
GLDRUB_TOM;D;20170921;000000;2424;2424;2401;2401;0;0
GLDRUB_TOM;D;20170922;000000;2404;2404;2394;2397;0;0
GLDRUB_TOM;D;20170925;000000;2384;2385;2381;2385;0;0
GLDRUB_TOM;D;20170926;000000;2415;2418;2407;2407;0;0
GLDRUB_TOM;D;20170927;000000;2408;2408;2400;2400;0;0
GLDRUB_TOM;D;20170929;000000;2400;2401.5;2382.5;2382.5;0;0
GLDRUB_TOM;D;20171003;000000;2363;2369;2362;2365;0;0
GLDRUB_TOM;D;20171004;000000;2370.5;2370.5;2365.5;2365.5;0;0
GLDRUB_TOM;D;20171005;000000;2358;2358;2350;2350;0;0
GLDRUB_TOM;D;20171006;000000;2357.5;2357.5;2357.5;2357.5;0;0
GLDRUB_TOM;D;20171009;000000;2395.5;2402;2393.5;2402;0;0
GLDRUB_TOM;D;20171011;000000;2399.5;2399.5;2394;2395;0;0
GLDRUB_TOM;D;20171012;000000;2399;2399;2399;2399;0;0
GLDRUB_TOM;D;20171013;000000;2393.5;2397;2391;2393;0;0
GLDRUB_TOM;D;20171016;000000;2398.5;2398.5;2398.5;2398.5;0;0
GLDRUB_TOM;D;20171018;000000;2360.5;2360.5;2355;2358.5;0;0
GLDRUB_TOM;D;20171019;000000;2374;2374;2374;2374;0;0
GLDRUB_TOM;D;20171020;000000;2369;2369;2369;2369;0;0
GLDRUB_TOM;D;20171023;000000;2350;2350;2350;2350;0;0
GLDRUB_TOM;D;20171024;000000;2363.5;2367.5;2358;2358;0;0
GLDRUB_TOM;D;20171025;000000;2356.5;2357.5;2350.5;2357.5;0;0
GLDRUB_TOM;D;20171026;000000;2373;2373.5;2370;2370;0;0
GLDRUB_TOM;D;20171027;000000;2363.5;2375;2363;2375;0;0
GLDRUB_TOM;D;20171031;000000;2375.5;2382;2375.5;2382;0;0
GLDRUB_TOM;D;20171101;000000;2385;2394.5;2385;2392;0;0
GLDRUB_TOM;D;20171102;000000;2391;2400;2391;2400;0;0
GLDRUB_TOM;D;20171103;000000;2397;2406;2395;2405;0;0
GLDRUB_TOM;D;20171107;000000;2398;2415;2398;2415;0;0
GLDRUB_TOM;D;20171108;000000;2437.5;2449;2437.5;2449;0;0
GLDRUB_TOM;D;20171109;000000;2449;2449;2449;2449;0;0
GLDRUB_TOM;D;20171110;000000;2450;2450;2447;2447;0;0
GLDRUB_TOM;D;20171113;000000;2446;2447;2441;2441;0;0
GLDRUB_TOM;D;20171114;000000;2442.5;2474.5;2438;2474.5;0;0
GLDRUB_TOM;D;20171115;000000;2484;2488;2475.5;2475.5;0;0
GLDRUB_TOM;D;20171116;000000;2462;2466;2460;2463.5;0;0
GLDRUB_TOM;D;20171117;000000;2461;2461;2458;2458;0;0
GLDRUB_TOM;D;20171120;000000;2460.5;2464;2460.5;2464;0;0
GLDRUB_TOM;D;20171121;000000;2435;2435;2435;2435;0;0
GLDRUB_TOM;D;20171122;000000;2431.5;2431.5;2428;2428;0;0
GLDRUB_TOM;D;20171127;000000;2414;2420;2414;2418;0;0
GLDRUB_TOM;D;20171129;000000;2431.5;2431.5;2427;2427;0;0
GLDRUB_TOM;D;20171130;000000;2405.5;2405.5;2405.5;2405.5;0;0
GLDRUB_TOM;D;20171204;000000;2410.5;2413.5;2410.5;2413.5;0;0
GLDRUB_TOM;D;20171205;000000;2405;2406.5;2403.5;2403.5;0;0
GLDRUB_TOM;D;20171207;000000;2384.5;2393;2384.5;2393;0;0
GLDRUB_TOM;D;20171211;000000;2371.5;2371.5;2371.5;2371.5;0;0
GLDRUB_TOM;D;20171212;000000;2352;2352;2352;2352;0;0
GLDRUB_TOM;D;20171213;000000;2356.5;2356.5;2356.5;2356.5;0;0
GLDRUB_TOM;D;20171214;000000;2376;2376;2375;2375;0;0
GLDRUB_TOM;D;20171218;000000;2367;2370;2367;2370;0;0
GLDRUB_TOM;D;20171219;000000;2382;2382;2382;2382;0;0
GLDRUB_TOM;D;20171220;000000;2387;2387;2385.5;2385.5;0;0
GLDRUB_TOM;D;20171221;000000;2381;2381;2381;2381;0;0
GLDRUB_TOM;D;20171226;000000;2371;2375.5;2371;2375.5;0;0
GLDRUB_TOM;D;20171227;000000;2380;2384;2380;2384;0;0
GLDRUB_TOM;D;20171228;000000;2389.5;2389.5;2388;2388.5;0;0
GLDRUB_TOM;D;20180109;000000;2408;2411.5;2408;2411.5;0;0
GLDRUB_TOM;D;20180110;000000;2420;2420;2416.5;2416.5;0;0
GLDRUB_TOM;D;20180111;000000;2410;2416.5;2410;2413;0;0
GLDRUB_TOM;D;20180115;000000;2431.5;2436;2429;2432;0;0
GLDRUB_TOM;D;20180116;000000;2420.5;2420.5;2420.5;2420.5;0;0
GLDRUB_TOM;D;20180117;000000;2424;2440;2424;2440;0;0
GLDRUB_TOM;D;20180118;000000;2422.5;2422.5;2420;2420;0;0
GLDRUB_TOM;D;20180122;000000;2421;2424.61;2421;2423.5;0;0
GLDRUB_TOM;D;20180123;000000;2430;2432.5;2430;2432.5;0;0
GLDRUB_TOM;D;20180124;000000;2445.5;2450.5;2444.5;2450;0;0
GLDRUB_TOM;D;20180125;000000;2442;2442.5;2418;2418;0;0
GLDRUB_TOM;D;20180129;000000;2438.5;2438.5;2432;2432;0;0
GLDRUB_TOM;D;20180130;000000;2414;2430;2414;2430;0;0
GLDRUB_TOM;D;20180131;000000;2424.5;2433;2424.5;2427;0;0
GLDRUB_TOM;D;20180201;000000;2420;2429;2420;2429;0;0
GLDRUB_TOM;D;20180205;000000;2433.5;2463;2433.5;2463;0;0
GLDRUB_TOM;D;20180206;000000;2471;2471;2471;2471;0;0
GLDRUB_TOM;D;20180207;000000;2441;2441;2441;2441;0;0
GLDRUB_TOM;D;20180208;000000;2439;2439;2435;2439;0;0
GLDRUB_TOM;D;20180212;000000;2465.5;2465.5;2460.5;2461;0;0
GLDRUB_TOM;D;20180213;000000;2466.5;2468.5;2465;2465;0;0
GLDRUB_TOM;D;20180214;000000;2501;2501;2444.5;2470;0;0
GLDRUB_TOM;D;20180215;000000;2466;2470;2463.5;2467.5;0;0
GLDRUB_TOM;D;20180219;000000;2443;2445.5;2440;2444;0;0
GLDRUB_TOM;D;20180226;000000;2410.5;2410.5;2409.5;2409.5;0;0
GLDRUB_TOM;D;20180227;000000;2382;2396.5;2381.5;2393;0;0
GLDRUB_TOM;D;20180228;000000;2384;2384;2380;2380;0;0
GLDRUB_TOM;D;20180305;000000;2432;2432;2414;2414;0;0
GLDRUB_TOM;D;20180312;000000;2406.5;2409;2406.5;2409;0;0
GLDRUB_TOM;D;20180313;000000;2410;2410;2409.5;2409.5;0;0
GLDRUB_TOM;D;20180314;000000;2431;2431;2431;2431;0;0
GLDRUB_TOM;D;20180315;000000;2429;2429;2429;2429;0;0
GLDRUB_TOM;D;20180319;000000;2430.5;2439.5;2430.5;2439.5;0;0
GLDRUB_TOM;D;20180320;000000;2436;2440;2436;2440;0;0
GLDRUB_TOM;D;20180321;000000;2434;2434;2430.5;2431;0;0
GLDRUB_TOM;D;20180322;000000;2433;2447;2433;2447;0;0
GLDRUB_TOM;D;20180326;000000;2467;2501;2467;2501;0;0
GLDRUB_TOM;D;20180327;000000;2481;2481;2469.5;2469.5;0;0
GLDRUB_TOM;D;20180328;000000;2481;2481;2474.5;2474.5;0;0
GLDRUB_TOM;D;20180329;000000;2454;2454;2444;2444.5;0;0
GLDRUB_TOM;D;20180402;000000;2456;2480;2456;2480;0;0
GLDRUB_TOM;D;20180403;000000;2479;2480;2479;2480;0;0
GLDRUB_TOM;D;20180404;000000;2482;2501;2482;2489;0;0
GLDRUB_TOM;D;20180405;000000;2454.5;2464;2454.5;2464;0;0
GLDRUB_TOM;D;20180406;000000;2487.5;2487.5;2487.5;2487.5;0;0
GLDRUB_TOM;D;20180409;000000;2496;2573.5;2496;2573.5;0;0
GLDRUB_TOM;D;20180410;000000;2638;2730;2638;2718.5;0;0
GLDRUB_TOM;D;20180411;000000;2760;2811.5;2709;2709;0;0
GLDRUB_TOM;D;20180412;000000;2683;2702.5;2652.5;2652.5;0;0
GLDRUB_TOM;D;20180413;000000;2650;2658.5;2650;2658.5;0;0
GLDRUB_TOM;D;20180416;000000;2694.5;2694.5;2675;2679.5;0;0
GLDRUB_TOM;D;20180417;000000;2647;2662.5;2647;2662.5;0;0
GLDRUB_TOM;D;20180418;000000;2664.5;2675.5;2664.5;2675;0;0
GLDRUB_TOM;D;20180419;000000;2648;2648;2648;2648;0;0
GLDRUB_TOM;D;20180420;000000;2646;2650;2642;2642;0;0
GLDRUB_TOM;D;20180423;000000;2642;2646;2641;2641;0;0
GLDRUB_TOM;D;20180424;000000;2622;2631.5;2622;2627;0;0
GLDRUB_TOM;D;20180426;000000;2666.5;2669;2662.5;2669;0;0
GLDRUB_TOM;D;20180427;000000;2650;2650;2650;2650;0;0
GLDRUB_TOM;D;20180503;000000;2670;2670;2670;2670;0;0
GLDRUB_TOM;D;20180507;000000;2643;2655.5;2643;2649;0;0
GLDRUB_TOM;D;20180508;000000;2660;2666.5;2660;2665;0;0
GLDRUB_TOM;D;20180510;000000;2631.5;2631.5;2631;2631;0;0
GLDRUB_TOM;D;20180511;000000;2616;2622.5;2615.5;2619;0;0
GLDRUB_TOM;D;20180514;000000;2621.5;2621.5;2610;2616;0;0
GLDRUB_TOM;D;20180515;000000;2602.5;2603.5;2600;2602;0;0
GLDRUB_TOM;D;20180516;000000;2592.5;2593;2589.5;2589.5;0;0
GLDRUB_TOM;D;20180517;000000;2561;2571;2561;2571;0;0
GLDRUB_TOM;D;20180518;000000;2567.5;2575;2567;2575;0;0
GLDRUB_TOM;D;20180521;000000;2576;2580.5;2565;2565;0;0
GLDRUB_TOM;D;20180522;000000;2540;2551;2538.5;2550.5;0;0
GLDRUB_TOM;D;20180523;000000;2548;2567.5;2544.5;2567.5;0;0
GLDRUB_TOM;D;20180524;000000;2557;2567;2557;2567;0;0
GLDRUB_TOM;D;20180525;000000;2578;2610;2578;2610;0;0
GLDRUB_TOM;D;20180528;000000;2604.5;2604.5;2600.5;2603;0;0
GLDRUB_TOM;D;20180529;000000;2603.5;2626.5;2603.5;2610;0;0
GLDRUB_TOM;D;20180530;000000;2605.5;2609;2600;2604;0;0
GLDRUB_TOM;D;20180531;000000;2601.5;2606.5;2595.5;2606.5;0;0
GLDRUB_TOM;D;20180601;000000;2584.5;2584.5;2584;2584.5;0;0
GLDRUB_TOM;D;20180604;000000;2575;2586;2575;2586;0;0
GLDRUB_TOM;D;20180605;000000;2571;2591.5;2570;2591.5;0;0
GLDRUB_TOM;D;20180606;000000;2586;2590;2577;2590;0;0
GLDRUB_TOM;D;20180607;000000;2579;2589.5;2579;2589.5;0;0
GLDRUB_TOM;D;20180608;000000;2613;2623;2600;2600;0;0
GLDRUB_TOM;D;20180609;000000;2590;2590;2580;2580;0;0
GLDRUB_TOM;D;20180613;000000;2625;2625;2610;2610;0;0
GLDRUB_TOM;D;20180614;000000;2607.5;2613;2595.5;2613;0;0
GLDRUB_TOM;D;20180615;000000;2624;2626;2590;2590;0;0
GLDRUB_TOM;D;20180618;000000;2603;2612.5;2603;2611;0;0
GLDRUB_TOM;D;20180619;000000;2638;2642;2610.5;2610.5;0;0
GLDRUB_TOM;D;20180620;000000;2600;2600.5;2597.5;2600.5;0;0
GLDRUB_TOM;D;20180621;000000;2592.5;2593;2586.5;2593;0;0
GLDRUB_TOM;D;20180622;000000;2574;2574;2571.5;2571.5;0;0
GLDRUB_TOM;D;20180625;000000;2567;2567;2559;2559;0;0
GLDRUB_TOM;D;20180626;000000;2541;2551;2541;2551;0;0
GLDRUB_TOM;D;20180627;000000;2550.5;2560;2544;2544;0;0
GLDRUB_TOM;D;20180628;000000;2540.5;2543;2540.5;2541;0;0
GLDRUB_TOM;D;20180629;000000;2522;2530;2518.5;2527;0;0
GLDRUB_TOM;D;20180702;000000;2531.5;2537.5;2527;2537.5;0;0
GLDRUB_TOM;D;20180703;000000;2526;2542;2525;2542;0;0
GLDRUB_TOM;D;20180704;000000;2556;2559;2550;2552;0;0
GLDRUB_TOM;D;20180705;000000;2549;2549;2543;2543;0;0
GLDRUB_TOM;D;20180706;000000;2546;2549;2545;2545;0;0
GLDRUB_TOM;D;20180709;000000;2550;2550.5;2527;2527;0;0
GLDRUB_TOM;D;20180710;000000;2519.5;2519.5;2500;2500;0;0
GLDRUB_TOM;D;20180711;000000;2500;2504;2490.5;2490.5;0;0
GLDRUB_TOM;D;20180712;000000;2495;2495;2480.5;2483.5;0;0
GLDRUB_TOM;D;20180713;000000;2484;2484;2481;2482;0;0
GLDRUB_TOM;D;20180716;000000;2489;2489;2481;2481;0;0
GLDRUB_TOM;D;20180717;000000;2492;2499;2476;2476;0;0
GLDRUB_TOM;D;20180718;000000;2469;2475;2469;2475;0;0
GLDRUB_TOM;D;20180719;000000;2480.5;2483;2477;2480;0;0
GLDRUB_TOM;D;20180720;000000;2494.5;2508.5;2491;2508.5;0;0
GLDRUB_TOM;D;20180723;000000;2495;2495;2486.5;2486.5;0;0
GLDRUB_TOM;D;20180724;000000;2475.5;2477;2475.5;2477;0;0
GLDRUB_TOM;D;20180725;000000;2485;2491.5;2481.5;2485.5;0;0
GLDRUB_TOM;D;20180726;000000;2485.5;2485.5;2474;2474;0;0
GLDRUB_TOM;D;20180727;000000;2470;2470;2467.5;2467.5;0;0
GLDRUB_TOM;D;20180730;000000;2457.5;2457.5;2457;2457;0;0
GLDRUB_TOM;D;20180731;000000;2443;2446;2440.5;2445.5;0;0
GLDRUB_TOM;D;20180801;000000;2459.5;2463.5;2457;2457;0;0
GLDRUB_TOM;D;20180802;000000;2469;2477.5;2468;2477.5;0;0
GLDRUB_TOM;D;20180803;000000;2457;2477;2457;2473;0;0
GLDRUB_TOM;D;20180806;000000;2471;2477.5;2471;2477.5;0;0
GLDRUB_TOM;D;20180807;000000;2474.5;2481;2470;2470;0;0
GLDRUB_TOM;D;20180808;000000;2490;2520.5;2490;2519;0;0
GLDRUB_TOM;D;20180809;000000;2587;2592.5;2568;2580.5;0;0
GLDRUB_TOM;D;20180810;000000;2598;2630;2586.5;2626;0;0
GLDRUB_TOM;D;20180813;000000;2627.5;2627.5;2616;2616;0;0
GLDRUB_TOM;D;20180814;000000;2600;2600;2560;2560;0;0
GLDRUB_TOM;D;20180815;000000;2531.5;2557.5;2531.5;2557.5;0;0
GLDRUB_TOM;D;20180816;000000;2529;2544;2526;2526;0;0
GLDRUB_TOM;D;20180817;000000;2524.5;2559;2523;2559;0;0
GLDRUB_TOM;D;20180820;000000;2568.5;2571;2560;2571;0;0
GLDRUB_TOM;D;20180821;000000;2578;2585;2577;2577;0;0
GLDRUB_TOM;D;20180822;000000;2585.5;2620;2585.5;2604.5;0;0
GLDRUB_TOM;D;20180823;000000;2609;2630.5;2589.5;2609;0;0
GLDRUB_TOM;D;20180824;000000;2590.5;2606;2587.5;2606;0;0
GLDRUB_TOM;D;20180827;000000;2606;2610.5;2602;2610.5;0;0
GLDRUB_TOM;D;20180828;000000;2620;2630;2620;2630;0;0
GLDRUB_TOM;D;20180829;000000;2632.5;2643;2630;2639;0;0
GLDRUB_TOM;D;20180830;000000;2637.5;2637.5;2630;2635;0;0
GLDRUB_TOM;D;20180831;000000;2635;2641;2611;2611;0;0
GLDRUB_TOM;D;20180903;000000;2609.5;2630;2609.5;2630;0;0
GLDRUB_TOM;D;20180904;000000;2625;2625;2614.5;2621;0;0
GLDRUB_TOM;D;20180905;000000;2624.5;2625.5;2621;2621;0;0
GLDRUB_TOM;D;20180906;000000;2625;2681;2625;2681;0;0
GLDRUB_TOM;D;20180907;000000;2662.5;2673;2651;2673;0;0
GLDRUB_TOM;D;20180910;000000;2680.5;2708.5;2678;2707;0;0
GLDRUB_TOM;D;20180911;000000;2685.5;2688;2670;2670;0;0
GLDRUB_TOM;D;20180912;000000;2672;2675.5;2665;2665;0;0
GLDRUB_TOM;D;20180913;000000;2654.5;2654.5;2636;2636;0;0
GLDRUB_TOM;D;20180914;000000;2649.5;2655.5;2649.5;2655.5;0;0
GLDRUB_TOM;D;20180917;000000;2615.5;2625;2615.5;2625;0;0
GLDRUB_TOM;D;20180918;000000;2606;2616.5;2599.5;2599.5;0;0
GLDRUB_TOM;D;20180919;000000;2589;2593;2578.5;2578.5;0;0
GLDRUB_TOM;D;20180920;000000;2566;2578;2559;2573.5;0;0
GLDRUB_TOM;D;20180921;000000;2580;2581.5;2559;2559;0;0
GLDRUB_TOM;D;20180924;000000;2550;2550;2534.5;2543;0;0
GLDRUB_TOM;D;20180925;000000;2530;2538.5;2530;2538.5;0;0
GLDRUB_TOM;D;20180926;000000;2536;2537.5;2526.5;2526.5;0;0
GLDRUB_TOM;D;20180927;000000;2527.5;2529.5;2499.5;2499.5;0;0
GLDRUB_TOM;D;20180928;000000;2488;2510.5;2488;2510.5;0;0
GLDRUB_TOM;D;20181001;000000;2497;2506.5;2495;2506.5;0;0
GLDRUB_TOM;D;20181002;000000;2495.5;2532;2495.5;2532;0;0
GLDRUB_TOM;D;20181003;000000;2529.5;2540;2527;2540;0;0
GLDRUB_TOM;D;20181004;000000;2547.5;2589.5;2547.5;2589.5;0;0
GLDRUB_TOM;D;20181005;000000;2570;2575.5;2562.5;2575.5;0;0
GLDRUB_TOM;D;20181008;000000;2571;2571;2550;2550;0;0
GLDRUB_TOM;D;20181009;000000;2541;2550.5;2536;2550.5;0;0
GLDRUB_TOM;D;20181010;000000;2525;2525;2525;2525;0;0
GLDRUB_TOM;D;20181011;000000;2570;2605;2562;2605;0;0
GLDRUB_TOM;D;20181012;000000;2580;2593;2580;2590.5;0;0
GLDRUB_TOM;D;20181015;000000;2592;2593;2590.5;2592.5;0;0
GLDRUB_TOM;D;20181016;000000;2590.5;2590.5;2583.5;2589.5;0;0
GLDRUB_TOM;D;20181017;000000;2571;2586;2571;2581.5;0;0
GLDRUB_TOM;D;20181018;000000;2577.5;2591.5;2574.5;2591.5;0;0
GLDRUB_TOM;D;20181019;000000;2590;2592.5;2589;2589;0;0
GLDRUB_TOM;D;20181022;000000;2567.5;2569.5;2567.5;2569.5;0;0
GLDRUB_TOM;D;20181023;000000;2583.5;2605;2583;2602;0;0
GLDRUB_TOM;D;20181024;000000;2591;2599;2581.5;2581.5;0;0
GLDRUB_TOM;D;20181025;000000;2606.5;2615.5;2596.5;2600;0;0
GLDRUB_TOM;D;20181026;000000;2612.5;2617.5;2610.5;2612.5;0;0
GLDRUB_TOM;D;20181029;000000;2603;2603.5;2591;2591;0;0
GLDRUB_TOM;D;20181030;000000;2590;2590;2584;2584;0;0
GLDRUB_TOM;D;20181031;000000;2564;2564;2559;2562;0;0
GLDRUB_TOM;D;20181101;000000;2579;2600;2579;2600;0;0
GLDRUB_TOM;D;20181102;000000;2599.5;2605;2593;2603.5;0;0
GLDRUB_TOM;D;20181106;000000;2610;2612.5;2600;2600;0;0
GLDRUB_TOM;D;20181107;000000;2612;2615;2608;2608;0;0
GLDRUB_TOM;D;20181108;000000;2607;2621;2607;2621;0;0
GLDRUB_TOM;D;20181109;000000;2618;2637.5;2618;2637.5;0;0
GLDRUB_TOM;D;20181112;000000;2612;2622;2612;2620.5;0;0
GLDRUB_TOM;D;20181113;000000;2612;2621;2612;2621;0;0
GLDRUB_TOM;D;20181114;000000;2628.5;2628.5;2608.5;2609.5;0;0
GLDRUB_TOM;D;20181115;000000;2598;2601;2577.5;2577.5;0;0
GLDRUB_TOM;D;20181116;000000;2574.5;2590.5;2574.5;2590.5;0;0
GLDRUB_TOM;D;20181119;000000;2587;2590;2584;2588.5;0;0
GLDRUB_TOM;D;20181120;000000;2580;2594.5;2580;2594.5;0;0
GLDRUB_TOM;D;20181121;000000;2595.5;2598.5;2595.5;2598.5;0;0
GLDRUB_TOM;D;20181122;000000;2591.5;2591.5;2586;2586;0;0
GLDRUB_TOM;D;20181123;000000;2584;2605;2583.5;2604.5;0;0
GLDRUB_TOM;D;20181126;000000;2621;2650;2615;2644;0;0
GLDRUB_TOM;D;20181127;000000;2617.5;2635;2615.5;2622;0;0
GLDRUB_TOM;D;20181128;000000;2610;2627.5;2610;2626.5;0;0
GLDRUB_TOM;D;20181129;000000;2629;2629;2610;2610;0;0
GLDRUB_TOM;D;20181130;000000;2620;2624.5;2620;2622;0;0
GLDRUB_TOM;D;20181203;000000;2612;2638.5;2612;2638.5;0;0
GLDRUB_TOM;D;20181204;000000;2648;2656;2645.5;2656;0;0
GLDRUB_TOM;D;20181205;000000;2650;2655;2646;2655;0;0
GLDRUB_TOM;D;20181206;000000;2650;2668.5;2650;2668.5;0;0
GLDRUB_TOM;D;20181207;000000;2668;2669.5;2662;2669.5;0;0
GLDRUB_TOM;D;20181210;000000;2652.5;2661;2652.5;2656;0;0
GLDRUB_TOM;D;20181211;000000;2667;2667;2653;2653;0;0
GLDRUB_TOM;D;20181212;000000;2655.5;2657;2650;2650;0;0
GLDRUB_TOM;D;20181213;000000;2653.5;2653.5;2645;2645;0;0
GLDRUB_TOM;D;20181214;000000;2642;2654;2642;2654;0;0
GLDRUB_TOM;D;20181217;000000;2649;2662;2642.5;2662;0;0
GLDRUB_TOM;D;20181218;000000;2676;2690;2674.99;2690;0;0
GLDRUB_TOM;D;20181219;000000;2692.5;2715;2692.5;2715;0;0
GLDRUB_TOM;D;20181220;000000;2694;2750;2694;2750;0;0
GLDRUB_TOM;D;20181221;000000;2755;2775;2751;2775;0;0
GLDRUB_TOM;D;20181224;000000;2785;2800;2767.5;2800;0;0
GLDRUB_TOM;D;20181225;000000;2803;2805.05;2750;2750;0;0
GLDRUB_TOM;D;20181226;000000;2811.5;2840.5;2811.5;2834;0;0
GLDRUB_TOM;D;20181227;000000;2806.5;2856;2806.5;2856;0;0
GLDRUB_TOM;D;20181228;000000;2867;2884;2838;2884;0;0
GLDRUB_TOM;D;20181229;000000;2912;2912;2912;2912;0;0
GLDRUB_TOM;D;20190109;000000;2771;2771;2756;2768;0;0
GLDRUB_TOM;D;20190110;000000;2782;2782;2778;2778;0;0
GLDRUB_TOM;D;20190111;000000;2780;2785.5;2776.5;2785.5;0;0
GLDRUB_TOM;D;20190114;000000;2795.5;2795.5;2784.5;2784.5;0;0
GLDRUB_TOM;D;20190115;000000;2782.5;2783.5;2782.5;2783.5;0;0
GLDRUB_TOM;D;20190116;000000;2765.5;2766;2762.5;2766;0;0
GLDRUB_TOM;D;20190117;000000;2761.5;2763;2750;2750;0;0
GLDRUB_TOM;D;20190118;000000;2752;2752.5;2726.5;2726.5;0;0
GLDRUB_TOM;D;20190121;000000;2731;2731;2721;2724;0;0
GLDRUB_TOM;D;20190122;000000;2739;2745;2739;2739;0;0
GLDRUB_TOM;D;20190123;000000;2739.5;2739.5;2725.5;2725.5;0;0
GLDRUB_TOM;D;20190124;000000;2719.5;2719.5;2709;2716;0;0
GLDRUB_TOM;D;20190125;000000;2731.5;2755;2731.5;2752;0;0
GLDRUB_TOM;D;20190128;000000;2755;2760;2753;2760;0;0
GLDRUB_TOM;D;20190129;000000;2788.5;2788.5;2784;2784;0;0
GLDRUB_TOM;D;20190130;000000;2794.5;2794.5;2780;2780;0;0
GLDRUB_TOM;D;20190131;000000;2773;2780;2773;2780;0;0
GLDRUB_TOM;D;20190201;000000;2774.5;2779.5;2774.5;2779.5;0;0
GLDRUB_TOM;D;20190204;000000;2769.5;2770;2769.5;2770;0;0
GLDRUB_TOM;D;20190205;000000;2763;2771;2758;2771;0;0
GLDRUB_TOM;D;20190206;000000;2774.5;2781.5;2774.5;2781.5;0;0
GLDRUB_TOM;D;20190207;000000;2773;2777;2773;2777;0;0
GLDRUB_TOM;D;20190208;000000;2780.5;2784.5;2774.5;2784.5;0;0
GLDRUB_TOM;D;20190211;000000;2769;2769;2759.5;2763;0;0
GLDRUB_TOM;D;20190212;000000;2773.5;2773.5;2761;2761;0;0
GLDRUB_TOM;D;20190213;000000;2750;2750;2750;2750;0;0
GLDRUB_TOM;D;20190214;000000;2793.5;2823;2793.5;2823;0;0
GLDRUB_TOM;D;20190215;000000;2824;2824;2822;2822;0;0
GLDRUB_TOM;D;20190218;000000;2819;2819;2819;2819;0;0
GLDRUB_TOM;D;20190219;000000;2825;2829;2825;2829;0;0
GLDRUB_TOM;D;20190220;000000;2845.5;2845.5;2839.5;2839.5;0;0
GLDRUB_TOM;D;20190221;000000;2807.5;2807.5;2794;2794;0;0
GLDRUB_TOM;D;20190222;000000;2786;2786;2786;2786;0;0
GLDRUB_TOM;D;20190225;000000;2791.5;2796;2781.5;2796;0;0
GLDRUB_TOM;D;20190226;000000;2794.5;2805.5;2794.5;2805.5;0;0
GLDRUB_TOM;D;20190227;000000;2801.5;2801.5;2801.5;2801.5;0;0
GLDRUB_TOM;D;20190228;000000;2801;2801;2791.5;2791.5;0;0
GLDRUB_TOM;D;20190301;000000;2765;2765;2755;2758.5;0;0
GLDRUB_TOM;D;20190304;000000;2736;2736;2719;2719;0;0
GLDRUB_TOM;D;20190305;000000;2722.5;2722.5;2717.37;2718;0;0
GLDRUB_TOM;D;20190306;000000;2733.5;2733.5;2720;2720;0;0
GLDRUB_TOM;D;20190307;000000;2728;2728;2726;2726;0;0
GLDRUB_TOM;D;20190311;000000;2750.5;2750.5;2750.5;2750.5;0;0
GLDRUB_TOM;D;20190312;000000;2741;2743;2741;2743;0;0
GLDRUB_TOM;D;20190313;000000;2750;2754;2750;2754;0;0
GLDRUB_TOM;D;20190314;000000;2726;2726;2726;2726;0;0
GLDRUB_TOM;D;20190315;000000;2739;2739;2739;2739;0;0
GLDRUB_TOM;D;20190318;000000;2708;2708.5;2693.5;2697;0;0
GLDRUB_TOM;D;20190319;000000;2697;2709.5;2695;2709.5;0;0
GLDRUB_TOM;D;20190320;000000;2692.5;2698.5;2692;2695;0;0
GLDRUB_TOM;D;20190321;000000;2697;2700.5;2688.5;2688.5;0;0
GLDRUB_TOM;D;20190322;000000;2686.5;2728;2686.5;2728;0;0
GLDRUB_TOM;D;20190325;000000;2728.6;2734;2720;2732.5;0;0
GLDRUB_TOM;D;20190326;000000;2713;2726.5;2710;2723;0;0
GLDRUB_TOM;D;20190327;000000;2743.5;2743.5;2743.5;2743.5;0;0
GLDRUB_TOM;D;20190328;000000;2727.5;2730.5;2714;2714;0;0
GLDRUB_TOM;D;20190329;000000;2682;2711;2682;2711;0;0
GLDRUB_TOM;D;20190401;000000;2710;2731.5;2708;2710;0;0
GLDRUB_TOM;D;20190402;000000;2706;2710.5;2704.5;2710.5;0;0
GLDRUB_TOM;D;20190403;000000;2709.5;2709.5;2700;2700;0;0
GLDRUB_TOM;D;20190404;000000;2708.5;2708.5;2705;2705;0;0
GLDRUB_TOM;D;20190405;000000;2700;2700;2700;2700;0;0
GLDRUB_TOM;D;20190408;000000;2718.5;2727.5;2718.5;2718.5;0;0
GLDRUB_TOM;D;20190409;000000;2705;2710;2705;2710;0;0
GLDRUB_TOM;D;20190410;000000;2716;2716;2704.5;2707.5;0;0
GLDRUB_TOM;D;20190411;000000;2702;2702;2685;2689;0;0
GLDRUB_TOM;D;20190412;000000;2683.5;2683.5;2670;2677.5;0;0
GLDRUB_TOM;D;20190415;000000;2658.5;2660.5;2656;2656;0;0
GLDRUB_TOM;D;20190416;000000;2655;2656;2640;2642;0;0
GLDRUB_TOM;D;20190417;000000;2630.5;2633.5;2621.5;2623;0;0
GLDRUB_TOM;D;20190418;000000;2626;2627.5;2626;2627.5;0;0
GLDRUB_TOM;D;20190419;000000;2630.5;2630.5;2618;2618;0;0
GLDRUB_TOM;D;20190422;000000;2623.5;2623.5;2616.5;2616.5;0;0
GLDRUB_TOM;D;20190423;000000;2609;2609;2600;2600;0;0
GLDRUB_TOM;D;20190424;000000;2617;2629;2617;2629;0;0
GLDRUB_TOM;D;20190425;000000;2654;2654;2654;2654;0;0
GLDRUB_TOM;D;20190426;000000;2662.5;2669;2662.5;2669;0;0
GLDRUB_TOM;D;20190429;000000;2657.5;2658.5;2652;2652;0;0
GLDRUB_TOM;D;20190430;000000;2669;2669;2653.5;2653.5;0;0
GLDRUB_TOM;D;20190506;000000;2691;2691;2678;2685;0;0
GLDRUB_TOM;D;20190507;000000;2685.5;2685.5;2675;2675;0;0
GLDRUB_TOM;D;20190508;000000;2696;2702;2694.5;2694.5;0;0
GLDRUB_TOM;D;20190513;000000;2689;2705;2689;2705;0;0
GLDRUB_TOM;D;20190514;000000;2721;2724;2721;2724;0;0
GLDRUB_TOM;D;20190515;000000;2699;2699;2691;2691;0;0
GLDRUB_TOM;D;20190516;000000;2690.5;2690.5;2674;2676.5;0;0
GLDRUB_TOM;D;20190517;000000;2671.5;2673.5;2660;2660;0;0
GLDRUB_TOM;D;20190520;000000;2650;2650;2650;2650;0;0
GLDRUB_TOM;D;20190521;000000;2640;2640;2640;2640;0;0
GLDRUB_TOM;D;20190522;000000;2630;2630;2630;2630;0;0
GLDRUB_TOM;D;20190523;000000;2639.5;2645;2639.5;2645;0;0
GLDRUB_TOM;D;20190524;000000;2661.5;2661.5;2658;2660;0;0
GLDRUB_TOM;D;20190527;000000;2666.5;2666.5;2666.5;2666.5;0;0
GLDRUB_TOM;D;20190528;000000;2663;2666;2656.5;2661.5;0;0
GLDRUB_TOM;D;20190529;000000;2674;2687;2674;2687;0;0
GLDRUB_TOM;D;20190530;000000;2693.5;2693.5;2693.5;2693.5;0;0
GLDRUB_TOM;D;20190531;000000;2717.5;2734;2717.5;2723;0;0
GLDRUB_TOM;D;20190603;000000;2772;2772;2753;2753;0;0
GLDRUB_TOM;D;20190604;000000;2780;2782;2779.5;2782;0;0
GLDRUB_TOM;D;20190605;000000;2790.5;2806;2790.5;2806;0;0
GLDRUB_TOM;D;20190606;000000;2802.5;2802.5;2802.5;2802.5;0;0
GLDRUB_TOM;D;20190607;000000;2790;2805.5;2790;2805.5;0;0
GLDRUB_TOM;D;20190610;000000;2763;2767.5;2760;2762.5;0;0
GLDRUB_TOM;D;20190613;000000;2776;2776;2773;2773;0;0
GLDRUB_TOM;D;20190614;000000;2806.5;2809;2788.5;2788.5;0;0
GLDRUB_TOM;D;20190617;000000;2758.5;2762.5;2756;2762.5;0;0
GLDRUB_TOM;D;20190618;000000;2780.9;2791;2763.5;2763.5;0;0
GLDRUB_TOM;D;20190619;000000;2761.5;2765;2761.5;2764.5;0;0
GLDRUB_TOM;D;20190620;000000;2805;2810.5;2799;2802;0;0
GLDRUB_TOM;D;20190621;000000;2807.5;2840.5;2807.5;2840.5;0;0
GLDRUB_TOM;D;20190624;000000;2840;2844;2840;2844;0;0
GLDRUB_TOM;D;20190625;000000;2880;2895;2876;2895;0;0
GLDRUB_TOM;D;20190626;000000;2841;2848;2841;2848;0;0
GLDRUB_TOM;D;20190627;000000;2848;2848;2847;2847;0;0
GLDRUB_TOM;D;20190628;000000;2860;2870;2860;2863;0;0
GLDRUB_TOM;D;20190701;000000;2800;2822.5;2800;2817;0;0
GLDRUB_TOM;D;20190702;000000;2828;2832;2828;2832;0;0
GLDRUB_TOM;D;20190703;000000;2897.01;2901;2896;2896;0;0
GLDRUB_TOM;D;20190704;000000;2885;2886.5;2880.5;2886;0;0
GLDRUB_TOM;D;20190705;000000;2887.5;2887.5;2844;2854.5;0;0
GLDRUB_TOM;D;20190708;000000;2891.5;2891.5;2854;2854;0;0
GLDRUB_TOM;D;20190709;000000;2855;2855;2850;2850;0;0
GLDRUB_TOM;D;20190710;000000;2858;2858;2850;2850;0;0
GLDRUB_TOM;D;20190711;000000;2881.5;2881.5;2852.5;2852.5;0;0
GLDRUB_TOM;D;20190712;000000;2850.5;2860.5;2850;2855;0;0
GLDRUB_TOM;D;20190715;000000;2853.5;2853.5;2853.5;2853.5;0;0
GLDRUB_TOM;D;20190716;000000;2853.5;2853.5;2850;2850;0;0
GLDRUB_TOM;D;20190717;000000;2852;2868;2852;2866.5;0;0
GLDRUB_TOM;D;20190718;000000;2865;2890;2861.5;2890;0;0
GLDRUB_TOM;D;20190719;000000;2898.5;2907;2898.5;2907;0;0
GLDRUB_TOM;D;20190722;000000;2881;2881;2881;2881;0;0
GLDRUB_TOM;D;20190723;000000;2883.5;2895;2883.5;2895;0;0
GLDRUB_TOM;D;20190724;000000;2883;2892.5;2879;2887.5;0;0
GLDRUB_TOM;D;20190725;000000;2890.5;2894;2884;2894;0;0
GLDRUB_TOM;D;20190726;000000;2874.5;2875;2872.5;2875;0;0
GLDRUB_TOM;D;20190729;000000;2894.5;2894.5;2893;2893;0;0
GLDRUB_TOM;D;20190730;000000;2902.5;2916.5;2902.5;2916.5;0;0
GLDRUB_TOM;D;20190731;000000;2917;2917;2905;2905;0;0
GLDRUB_TOM;D;20190801;000000;2881;2986;2881;2968;0;0
GLDRUB_TOM;D;20190802;000000;2976.5;2994;2976.5;2993.5;0;0
GLDRUB_TOM;D;20190805;000000;3046;3075;3046;3075;0;0
GLDRUB_TOM;D;20190806;000000;3059.5;3071;3059.5;3065;0;0
GLDRUB_TOM;D;20190807;000000;3114;3166.5;3103;3140;0;0
GLDRUB_TOM;D;20190808;000000;3130;3133;3125;3125;0;0
GLDRUB_TOM;D;20190809;000000;3134;3142.5;3134;3142.5;0;0
GLDRUB_TOM;D;20190812;000000;3126.5;3172;3125.5;3172;0;0
GLDRUB_TOM;D;20190813;000000;3202.5;3220.5;3118.5;3118.5;0;0
GLDRUB_TOM;D;20190814;000000;3141;3204;3141;3204;0;0
GLDRUB_TOM;D;20190815;000000;3223;3244;3211.5;3233;0;0
GLDRUB_TOM;D;20190816;000000;3213;3226;3196;3223.5;0;0
GLDRUB_TOM;D;20190819;000000;3222;3225;3213;3225;0;0
GLDRUB_TOM;D;20190820;000000;3212;3222;3212;3219.5;0;0
GLDRUB_TOM;D;20190821;000000;3187.5;3187.5;3178;3185;0;0
GLDRUB_TOM;D;20190822;000000;3158.5;3170.5;3158.5;3169;0;0
GLDRUB_TOM;D;20190823;000000;3151.5;3205;3151.5;3205;0;0
GLDRUB_TOM;D;20190826;000000;3250;3254;3241;3245;0;0
GLDRUB_TOM;D;20190827;000000;3268.5;3299.5;3263.5;3299.5;0;0
GLDRUB_TOM;D;20190828;000000;3313;3313;3313;3313;0;0
GLDRUB_TOM;D;20190829;000000;3297;3302.5;3278;3278;0;0
GLDRUB_TOM;D;20190830;000000;3267.5;3269;3253;3269;0;0
GLDRUB_TOM;D;20190902;000000;3262;3265;3262;3265;0;0
GLDRUB_TOM;D;20190903;000000;3296;3333;3296;3332;0;0
GLDRUB_TOM;D;20190904;000000;3278;3301.5;3278;3301.5;0;0
GLDRUB_TOM;D;20190905;000000;3283;3283;3200;3200;0;0
GLDRUB_TOM;D;20190906;000000;3202;3221.5;3187;3214.5;0;0
GLDRUB_TOM;D;20190909;000000;3177.5;3186;3153;3159.5;0;0
GLDRUB_TOM;D;20190910;000000;3133.5;3147.5;3133.5;3144;0;0
GLDRUB_TOM;D;20190911;000000;3137.5;3146;3137.5;3146;0;0
GLDRUB_TOM;D;20190912;000000;3143.5;3175.5;3139;3155;0;0
GLDRUB_TOM;D;20190913;000000;3109;3116;3089;3089;0;0
GLDRUB_TOM;D;20190916;000000;3099;3099;3099;3099;0;0
GLDRUB_TOM;D;20190917;000000;3086.5;3099.5;3086.5;3099.5;0;0
GLDRUB_TOM;D;20190919;000000;3080;3080;3080;3080;0;0
GLDRUB_TOM;D;20190920;000000;3094;3094;3094;3094;0;0
GLDRUB_TOM;D;20190923;000000;3124;3127;3122;3127;0;0
GLDRUB_TOM;D;20190924;000000;3115;3131;3115;3131;0;0
GLDRUB_TOM;D;20190925;000000;3164.5;3164.5;3100;3100;0;0
GLDRUB_TOM;D;20190927;000000;3103.5;3103.5;3090;3091;0;0
GLDRUB_TOM;D;20190930;000000;3097.5;3097.5;3097.5;3097.5;0;0
GLDRUB_TOM;D;20191001;000000;3077;3108;3077;3108;0;0
GLDRUB_TOM;D;20191002;000000;3120;3140;3115;3140;0;0
GLDRUB_TOM;D;20191003;000000;3138;3183;3138;3156;0;0
GLDRUB_TOM;D;20191004;000000;3140;3140;3140;3140;0;0
GLDRUB_TOM;D;20191007;000000;3135.5;3135.5;3135.5;3135.5;0;0
GLDRUB_TOM;D;20191008;000000;3114;3153.5;3114;3153.5;0;0
GLDRUB_TOM;D;20191010;000000;3099.5;3099.5;3095;3095;0;0
GLDRUB_TOM;D;20191011;000000;3100;3100;3050;3051;0;0
GLDRUB_TOM;D;20191014;000000;3085;3085;3085;3085;0;0
GLDRUB_TOM;D;20191015;000000;3073.5;3073.5;3073.5;3073.5;0;0
GLDRUB_TOM;D;20191016;000000;3067;3067;3063;3063;0;0
GLDRUB_TOM;D;20191017;000000;3064;3064.5;3061.5;3064.5;0;0
GLDRUB_TOM;D;20191018;000000;3069;3069;3069;3069;0;0
GLDRUB_TOM;D;20191023;000000;3067.5;3067.5;3067.5;3067.5;0;0
GLDRUB_TOM;D;20191024;000000;3048.5;3065.5;3048.5;3065;0;0
GLDRUB_TOM;D;20191028;000000;3084;3084;3079.5;3079.5;0;0
GLDRUB_TOM;D;20191029;000000;3068.5;3068.5;3050;3054.5;0;0
GLDRUB_TOM;D;20191030;000000;3068.5;3076;3068.5;3076;0;0
GLDRUB_TOM;D;20191031;000000;3094;3110;3094;3110;0;0
GLDRUB_TOM;D;20191101;000000;3096;3096;3080;3080;0;0
GLDRUB_TOM;D;20191105;000000;3056;3066;3046;3046;0;0
GLDRUB_TOM;D;20191106;000000;3037.5;3038;3037.5;3038;0;0
GLDRUB_TOM;D;20191107;000000;3064;3064;2981;2981;0;0
GLDRUB_TOM;D;20191108;000000;3005;3017;3005;3017;0;0
GLDRUB_TOM;D;20191111;000000;3010;3010;2992.5;2992.5;0;0
GLDRUB_TOM;D;20191112;000000;2989.5;2992;2989.5;2992;0;0
GLDRUB_TOM;D;20191113;000000;3011.5;3027;3011.5;3027;0;0
GLDRUB_TOM;D;20191114;000000;3025.5;3025.5;3018.5;3018.5;0;0
GLDRUB_TOM;D;20191118;000000;2993;3017.5;2993;3017.5;0;0
GLDRUB_TOM;D;20191119;000000;3003.5;3003.5;3003.5;3003.5;0;0
GLDRUB_TOM;D;20191120;000000;3025.5;3044.5;3025.5;3027;0;0
GLDRUB_TOM;D;20191121;000000;3012;3012;3012;3012;0;0
GLDRUB_TOM;D;20191122;000000;3008;3008;3008;3008;0;0
GLDRUB_TOM;D;20191125;000000;2990.5;2990.5;2990.5;2990.5;0;0
GLDRUB_TOM;D;20191126;000000;2995;2995;2989;2989;0;0
GLDRUB_TOM;D;20191127;000000;3000;3000;2990;2990;0;0
GLDRUB_TOM;D;20191129;000000;3009;3009;3005.5;3006.5;0;0
GLDRUB_TOM;D;20191202;000000;3013.5;3013.5;3009.5;3009.5;0;0
GLDRUB_TOM;D;20191203;000000;3021;3035;3021;3035;0;0
GLDRUB_TOM;D;20191204;000000;3029;3029;3029;3029;0;0
GLDRUB_TOM;D;20191205;000000;3025;3030;3025;3030;0;0
GLDRUB_TOM;D;20191206;000000;3018.5;3027;2999.5;2999.5;0;0
GLDRUB_TOM;D;20191209;000000;2996.5;2996.5;2994.5;2994.5;0;0
GLDRUB_TOM;D;20191210;000000;2999.5;2999.5;2994;2998;0;0
GLDRUB_TOM;D;20191211;000000;2993;2997.5;2993;2997.5;0;0
GLDRUB_TOM;D;20191212;000000;2991.5;2991.5;2960.5;2963;0;0
GLDRUB_TOM;D;20191213;000000;2950;2958;2950;2958;0;0
GLDRUB_TOM;D;20191216;000000;2965.5;2965.5;2965.5;2965.5;0;0
GLDRUB_TOM;D;20191217;000000;2974;2974;2964;2964;0;0
GLDRUB_TOM;D;20191218;000000;2974.5;2974.5;2963.5;2963.5;0;0
GLDRUB_TOM;D;20191219;000000;2959;2964.5;2959;2964.5;0;0
GLDRUB_TOM;D;20191220;000000;2951;2953.5;2951;2953.5;0;0
GLDRUB_TOM;D;20191223;000000;2971;2971;2971;2971;0;0
GLDRUB_TOM;D;20191224;000000;2970;2987.5;2969.5;2987.5;0;0
GLDRUB_TOM;D;20191226;000000;2987;3017;2983;3017;0;0
GLDRUB_TOM;D;20191227;000000;3013.5;3014.5;3013.5;3014.5;0;0
GLDRUB_TOM;D;20191230;000000;3005;3019;3005;3018;0;0
GLDRUB_TOM;D;20200109;000000;3052;3061.5;3041.5;3061.5;0;0
GLDRUB_TOM;D;20200110;000000;3057.5;3061.5;3051;3061.5;0;0
GLDRUB_TOM;D;20200113;000000;3046.5;3054;3046.5;3054;0;0
GLDRUB_TOM;D;20200114;000000;3048.25;3051;3045;3045;0;0
GLDRUB_TOM;D;20200115;000000;3064.5;3075;3064;3067;0;0
GLDRUB_TOM;D;20200117;000000;3077;3077;3070.6;3074;0;0
GLDRUB_TOM;D;20200120;000000;3086.35;3090.5;3086;3090.5;0;0
GLDRUB_TOM;D;20200121;000000;3089.5;3097;3089.5;3097;0;0
GLDRUB_TOM;D;20200122;000000;3096.3;3102;3096.3;3102;0;0
GLDRUB_TOM;D;20200123;000000;3100.5;3120;3088;3111;0;0
GLDRUB_TOM;D;20200124;000000;3100.5;3145;3091;3135.5;0;0
GLDRUB_TOM;D;20200127;000000;3154;3198.5;3154;3198.5;0;0
GLDRUB_TOM;D;20200128;000000;3188.5;3188.5;3148.5;3148.5;0;0
GLDRUB_TOM;D;20200129;000000;3153.5;3175;3153.5;3170;0;0
GLDRUB_TOM;D;20200130;000000;3201.5;3224.5;3195.5;3212;0;0
GLDRUB_TOM;D;20200131;000000;3221.5;3229.5;3221.5;3229.5;0;0
GLDRUB_TOM;D;20200203;000000;3247.02;3247.02;3217;3217;0;0
GLDRUB_TOM;D;20200204;000000;3200;3204;3136;3136;0;0
GLDRUB_TOM;D;20200205;000000;3127.5;3130;3120;3130;0;0
GLDRUB_TOM;D;20200206;000000;3147;3186.5;3147;3186.5;0;0
GLDRUB_TOM;D;20200207;000000;3186.5;3231.5;3186.5;3230.5;0;0
GLDRUB_TOM;D;20200210;000000;3215.5;3250.5;3215.5;3244.5;0;0
GLDRUB_TOM;D;20200211;000000;3191;3191;3191;3191;0;0
GLDRUB_TOM;D;20200212;000000;3168;3180.5;3165;3178.5;0;0
GLDRUB_TOM;D;20200213;000000;3206.5;3225;3203;3215;0;0
GLDRUB_TOM;D;20200214;000000;3212;3225.5;3212;3225.5;0;0
GLDRUB_TOM;D;20200217;000000;3220.5;3225;3214.5;3225;0;0
GLDRUB_TOM;D;20200218;000000;3254;3286.5;3250;3286.5;0;0
GLDRUB_TOM;D;20200219;000000;3287;3294;3278.5;3286;0;0
GLDRUB_TOM;D;20200220;000000;3290;3348;3290;3348;0;0
GLDRUB_TOM;D;20200221;000000;3364;3400;3364;3400;0;0
GLDRUB_TOM;D;20200225;000000;3401;3490;3401;3480;0;0
GLDRUB_TOM;D;20200226;000000;3467;3471.5;3416;3435;0;0
GLDRUB_TOM;D;20200227;000000;3474.5;3525.5;3466;3525.5;0;0
GLDRUB_TOM;D;20200228;000000;3495;3535.5;3479;3505;0;0
GLDRUB_TOM;D;20200302;000000;3423;3429;3423;3429;0;0
GLDRUB_TOM;D;20200303;000000;3399.5;3417.5;3399.5;3417.5;0;0
GLDRUB_TOM;D;20200304;000000;3468;3480;3457;3480;0;0
GLDRUB_TOM;D;20200305;000000;3483;3600;3483;3600;0;0
GLDRUB_TOM;D;20200306;000000;3634;3700;3627;3627;0;0
GLDRUB_TOM;D;20200310;000000;3842;3856.5;3770.5;3831.5;0;0
GLDRUB_TOM;D;20200311;000000;3824;3850;3801;3850;0;0
GLDRUB_TOM;D;20200312;000000;3881;4082;3738;3738;0;0
GLDRUB_TOM;D;20200313;000000;3747;3747;3577;3577;0;0
GLDRUB_TOM;D;20200316;000000;3660;3704.5;3515;3558;0;0
GLDRUB_TOM;D;20200317;000000;3517;3727.5;3517;3695;0;0
GLDRUB_TOM;D;20200318;000000;3736.5;3856.5;3736.5;3841.5;0;0
GLDRUB_TOM;D;20200319;000000;3856;3856.5;3791.5;3791.5;0;0
GLDRUB_TOM;D;20200320;000000;3766.5;3816;3766.5;3795;0;0
GLDRUB_TOM;D;20200323;000000;3875.5;4000;3860;4000;0;0
GLDRUB_TOM;D;20200324;000000;3990;4116;3961;4116;0;0
GLDRUB_TOM;D;20200325;000000;4054.5;4101;4040;4040;0;0
GLDRUB_TOM;D;20200326;000000;4064.5;4077.5;4031;4061;0;0
GLDRUB_TOM;D;20200327;000000;4051;4133;4051;4133;0;0
GLDRUB_TOM;D;20200330;000000;4175;4175;4112;4145.5;0;0
GLDRUB_TOM;D;20200331;000000;4101.5;4101.5;3993;3993;0;0
GLDRUB_TOM;D;20200401;000000;4068;4068;4010;4035.5;0;0
GLDRUB_TOM;D;20200402;000000;4046.5;4082;4015;4033;0;0
GLDRUB_TOM;D;20200403;000000;4000;4011.5;3962;4011.5;0;0
GLDRUB_TOM;D;20200406;000000;3990;4039;3970;4039;0;0
GLDRUB_TOM;D;20200407;000000;4030;4030;4014;4018.5;0;0
GLDRUB_TOM;D;20200408;000000;4026;4026;3996;4003.5;0;0
GLDRUB_TOM;D;20200409;000000;3968.5;3978;3934.5;3969.5;0;0
GLDRUB_TOM;D;20200410;000000;4029.5;4029.5;3985.28;4000.5;0;0
GLDRUB_TOM;D;20200413;000000;4002;4061.5;3977;4061.5;0;0
GLDRUB_TOM;D;20200414;000000;4026;4068;4025;4068;0;0
GLDRUB_TOM;D;20200415;000000;4070.01;4148;4051;4147.5;0;0
GLDRUB_TOM;D;20200416;000000;4117;4123.95;4089.5;4114.5;0;0
GLDRUB_TOM;D;20200417;000000;4035;4038;4017.5;4023;0;0
GLDRUB_TOM;D;20200420;000000;4018.5;4101;4012.5;4101;0;0
GLDRUB_TOM;D;20200421;000000;4168.5;4174;4135;4164;0;0
GLDRUB_TOM;D;20200422;000000;4202;4202;4173;4173;0;0
GLDRUB_TOM;D;20200423;000000;4163.5;4166;4070;4150.5;0;0
GLDRUB_TOM;D;20200424;000000;4155;4158;4118;4118;0;0
GLDRUB_TOM;D;20200427;000000;4109.5;4109.5;4090;4100;0;0
GLDRUB_TOM;D;20200428;000000;4074;4075;4060.5;4065;0;0
GLDRUB_TOM;D;20200429;000000;4037;4042.5;4003;4003;0;0
GLDRUB_TOM;D;20200430;000000;4016;4050.5;4013;4050.5;0;0
GLDRUB_TOM;D;20200506;000000;4062;4067;4043.5;4048;0;0
GLDRUB_TOM;D;20200507;000000;4031;4102;4031;4102;0;0
GLDRUB_TOM;D;20200508;000000;4081.5;4081.5;4020;4020;0;0
GLDRUB_TOM;D;20200512;000000;4019;4019;3990;4000;0;0
GLDRUB_TOM;D;20200513;000000;4025.5;4068;4014;4068;0;0
GLDRUB_TOM;D;20200514;000000;4071;4124;4071;4119;0;0
GLDRUB_TOM;D;20200515;000000;4081.5;4134;4081.5;4134;0;0
GLDRUB_TOM;D;20200518;000000;4135;4135;4045;4045;0;0
GLDRUB_TOM;D;20200519;000000;4036.5;4051.5;4027.5;4051.5;0;0
GLDRUB_TOM;D;20200520;000000;4070;4070;3997.5;3997.5;0;0
GLDRUB_TOM;D;20200521;000000;3944.5;3959.5;3924;3935;0;0
GLDRUB_TOM;D;20200522;000000;4005;4006;3975;3990;0;0
GLDRUB_TOM;D;20200525;000000;3975;3980;3975;3980;0;0
GLDRUB_TOM;D;20200526;000000;3950;3950;3883.5;3903.5;0;0
GLDRUB_TOM;D;20200527;000000;3911;3911;3878;3903.5;0;0
GLDRUB_TOM;D;20200528;000000;3931;3935;3880;3880;0;0
GLDRUB_TOM;D;20200529;000000;3913;3932;3910;3932;0;0
GLDRUB_TOM;D;20200601;000000;3900;3900;3871;3871;0;0
GLDRUB_TOM;D;20200602;000000;3849.5;3854;3830;3830;0;0
GLDRUB_TOM;D;20200603;000000;3800;3800;3733.5;3733.5;0;0
GLDRUB_TOM;D;20200604;000000;3777;3808.35;3777;3801;0;0
GLDRUB_TOM;D;20200605;000000;3774.61;3775;3680;3681.56;0;0
GLDRUB_TOM;D;20200608;000000;3727.74;3729.1;3705.84;3728.69;0;0
GLDRUB_TOM;D;20200609;000000;3736.07;3797;3736.07;3777.5;0;0
GLDRUB_TOM;D;20200610;000000;3804.5;3808.5;3795;3806;0;0
GLDRUB_TOM;D;20200611;000000;3854.35;3890;3823.14;3889.5;0;0
GLDRUB_TOM;D;20200615;000000;3880;3881.5;3847.5;3866;0;0
GLDRUB_TOM;D;20200616;000000;3866.21;3879.33;3831.65;3867.5;0;0
GLDRUB_TOM;D;20200617;000000;3854.12;3868.5;3843.54;3866.5;0;0
GLDRUB_TOM;D;20200618;000000;3864;3864;3841;3854.5;0;0
GLDRUB_TOM;D;20200619;000000;3869;3882.83;3858.5;3882.83;0;0
GLDRUB_TOM;D;20200622;000000;3897.78;3915;3895;3915;0;0
GLDRUB_TOM;D;20200623;000000;3878;3903;3877;3892.5;0;0
GLDRUB_TOM;D;20200625;000000;3948;3948;3917.83;3918;0;0
GLDRUB_TOM;D;20200626;000000;3920.63;3932.82;3919.66;3924;0;0
GLDRUB_TOM;D;20200629;000000;3970;4000.5;3962.5;3992;0;0
GLDRUB_TOM;D;20200630;000000;4012.5;4080;4012.5;4080;0;0
GLDRUB_TOM;D;20200702;000000;4006.87;4025.5;3988;4025.5;0;0
GLDRUB_TOM;D;20200703;000000;4064.57;4076;4062;4076;0;0
GLDRUB_TOM;D;20200706;000000;4046;4118;4046;4094.5;0;0
GLDRUB_TOM;D;20200707;000000;4118.5;4118.5;4100;4110.36;0;0
GLDRUB_TOM;D;20200708;000000;4107;4151.5;4107;4151.5;0;0
GLDRUB_TOM;D;20200709;000000;4127.5;4129.5;4100;4100;0;0
GLDRUB_TOM;D;20200710;000000;4124.74;4132;4100;4100;0;0
GLDRUB_TOM;D;20200713;000000;4110.51;4114;4094.5;4113.5;0;0
GLDRUB_TOM;D;20200714;000000;4123;4130.83;4102.1;4127.9;0;0
GLDRUB_TOM;D;20200715;000000;4111.64;4133.5;4111.64;4133.5;0;0
GLDRUB_TOM;D;20200716;000000;4133;4134.74;4126.07;4126.07;0;0
GLDRUB_TOM;D;20200717;000000;4143;4169;4143;4169;0;0
GLDRUB_TOM;D;20200720;000000;4180.74;4185.5;4159.5;4172;0;0
GLDRUB_TOM;D;20200721;000000;4153;4190;4151;4174.4;0;0
GLDRUB_TOM;D;20200722;000000;4221;4251;4208;4251;0;0
GLDRUB_TOM;D;20200723;000000;4274.67;4326.69;4274.67;4325;0;0
GLDRUB_TOM;D;20200724;000000;4350;4394;4347.5;4394;0;0
GLDRUB_TOM;D;20200727;000000;4452.6;4484.5;4444;4459;0;0
GLDRUB_TOM;D;20200728;000000;4467.91;4560.5;4416.54;4534.5;0;0
GLDRUB_TOM;D;20200729;000000;4554.5;4604;4521.13;4604;0;0
GLDRUB_TOM;D;20200730;000000;4597.5;4629.5;4597.5;4604.5;0;0
GLDRUB_TOM;D;20200731;000000;4669.46;4701.29;4669.46;4690;0;0
GLDRUB_TOM;D;20200803;000000;4697;4697;4637.5;4638.5;0;0
GLDRUB_TOM;D;20200804;000000;4659;4723;4659;4723;0;0
GLDRUB_TOM;D;20200805;000000;4770;4794;4765;4777.5;0;0
GLDRUB_TOM;D;20200806;000000;4825.5;4866;4825.5;4866;0;0
GLDRUB_TOM;D;20200807;000000;4868.5;4881.5;4825;4825;0;0
GLDRUB_TOM;D;20200810;000000;4810;4818.31;4806.5;4818;0;0
GLDRUB_TOM;D;20200811;000000;4720;4720;4510;4510;0;0
GLDRUB_TOM;D;20200812;000000;4503;4602.3;4503;4602.3;0;0
GLDRUB_TOM;D;20200813;000000;4563.63;4579.96;4550;4576;0;0
GLDRUB_TOM;D;20200814;000000;4589;4602.23;4579.68;4579.68;0;0
GLDRUB_TOM;D;20200817;000000;4574.59;4641.85;4574.59;4641.85;0;0
GLDRUB_TOM;D;20200818;000000;4719.21;4725.25;4668.5;4724.5;0;0
GLDRUB_TOM;D;20200819;000000;4687.46;4698.32;4569.5;4569.5;0;0
GLDRUB_TOM;D;20200820;000000;4621.16;4640;4575.26;4624;0;0
GLDRUB_TOM;D;20200821;000000;4621;4661;4600;4635.01;0;0
GLDRUB_TOM;D;20200824;000000;4653;4654;4630;4630;0;0
GLDRUB_TOM;D;20200825;000000;4637;4637;4620.5;4630;0;0
GLDRUB_TOM;D;20200826;000000;4666.5;4738;4663.55;4738;0;0
GLDRUB_TOM;D;20200827;000000;4692;4728.1;4650;4650;0;0
GLDRUB_TOM;D;20200828;000000;4674.95;4700;4674.95;4700;0;0
GLDRUB_TOM;D;20200831;000000;4660.8;4687.5;4644;4687.5;0;0
GLDRUB_TOM;D;20200901;000000;4706.69;4706.93;4665.5;4665.5;0;0
GLDRUB_TOM;D;20200902;000000;4663;4707;4653.46;4707;0;0
GLDRUB_TOM;D;20200903;000000;4704.93;4704.93;4667;4674;0;0
GLDRUB_TOM;D;20200904;000000;4696.21;4696.21;4645.37;4655;0;0
GLDRUB_TOM;D;20200907;000000;4694.5;4717;4694.5;4702;0;0
GLDRUB_TOM;D;20200908;000000;4715;4727;4697;4727;0;0
GLDRUB_TOM;D;20200909;000000;4720.94;4729;4688.32;4709;0;0
GLDRUB_TOM;D;20200910;000000;4729;4729;4696;4722;0;0
GLDRUB_TOM;D;20200911;000000;4678.5;4693;4675.5;4675.5;0;0
GLDRUB_TOM;D;20200914;000000;4673.5;4736;4673.5;4734;0;0
GLDRUB_TOM;D;20200915;000000;4748.61;4750.5;4702.81;4704.5;0;0
GLDRUB_TOM;D;20200916;000000;4729;4745.5;4720;4725;0;0
GLDRUB_TOM;D;20200917;000000;4698;4702.5;4683.5;4702.5;0;0
GLDRUB_TOM;D;20200918;000000;4708;4739;4704.15;4739;0;0
GLDRUB_TOM;D;20200921;000000;4749.59;4752.97;4649.6;4667;0;0
GLDRUB_TOM;D;20200922;000000;4677;4677;4647;4661;0;0
GLDRUB_TOM;D;20200923;000000;4611;4646.73;4594;4594;0;0
GLDRUB_TOM;D;20200924;000000;4595;4625;4592.02;4625;0;0
GLDRUB_TOM;D;20200925;000000;4617.47;4666.5;4617.47;4666.5;0;0
GLDRUB_TOM;D;20200928;000000;4690.5;4754;4690;4754;0;0
GLDRUB_TOM;D;20200929;000000;4802;4812;4776.5;4804.5;0;0
GLDRUB_TOM;D;20200930;000000;4791;4791;4715;4736.93;0;0
GLDRUB_TOM;D;20201001;000000;4705;4749.5;4705;4749.5;0;0
GLDRUB_TOM;D;20201002;000000;4804.5;4820;4778.5;4778.5;0;0
GLDRUB_TOM;D;20201005;000000;4733.53;4827.5;4733;4827.5;0;0
GLDRUB_TOM;D;20201006;000000;4828;4830;4773.19;4773.19;0;0
GLDRUB_TOM;D;20201007;000000;4764;4764;4739;4740;0;0
GLDRUB_TOM;D;20201008;000000;4738;4750;4700;4704;0;0
GLDRUB_TOM;D;20201009;000000;4746;4759.5;4741;4756;0;0
GLDRUB_TOM;D;20201012;000000;4768;4768;4760.5;4760.5;0;0
GLDRUB_TOM;D;20201013;000000;4758.5;4758.5;4692.5;4693.5;0;0
GLDRUB_TOM;D;20201014;000000;4709;4752.5;4708.5;4752.5;0;0
GLDRUB_TOM;D;20201015;000000;4756.5;4783.5;4751.07;4783.5;0;0
GLDRUB_TOM;D;20201016;000000;4785;4796;4782.75;4782.75;0;0
GLDRUB_TOM;D;20201019;000000;4783.5;4783.5;4755;4755;0;0
GLDRUB_TOM;D;20201020;000000;4753.5;4773;4742.92;4753.5;0;0
GLDRUB_TOM;D;20201021;000000;4758.5;4758.5;4752.5;4757;0;0
GLDRUB_TOM;D;20201022;000000;4751.79;4752.7;4674.23;4675.5;0;0
GLDRUB_TOM;D;20201023;000000;4697;4700;4650;4652.5;0;0
GLDRUB_TOM;D;20201026;000000;4679.62;4681.41;4650;4650;0;0
GLDRUB_TOM;D;20201027;000000;4677;4728.5;4670;4723;0;0
GLDRUB_TOM;D;20201028;000000;4751;4769;4747.5;4769;0;0
GLDRUB_TOM;D;20201029;000000;4767.96;4793.01;4744;4749.5;0;0
GLDRUB_TOM;D;20201030;000000;4746;4801.5;4746;4795;0;0
GLDRUB_TOM;D;20201102;000000;4859.92;4910;4856.5;4910;0;0
GLDRUB_TOM;D;20201103;000000;4884;4884;4842.25;4864.5;0;0
GLDRUB_TOM;D;20201105;000000;4806.11;4828.5;4788.8;4828.5;0;0
GLDRUB_TOM;D;20201106;000000;4822;4892.57;4808.45;4858;0;0
GLDRUB_TOM;D;20201109;000000;4843.31;4862.5;4538.5;4553.5;0;0
GLDRUB_TOM;D;20201110;000000;4634.5;4645;4597.5;4609.5;0;0
GLDRUB_TOM;D;20201111;000000;4610;4612.5;4580;4612.5;0;0
GLDRUB_TOM;D;20201112;000000;4648.16;4665;4607.92;4663;0;0
GLDRUB_TOM;D;20201113;000000;4670;4725.82;4662.31;4695;0;0
GLDRUB_TOM;D;20201116;000000;4676.93;4679.78;4592;4622;0;0
GLDRUB_TOM;D;20201117;000000;4630.11;4659;4616.5;4618.5;0;0
GLDRUB_TOM;D;20201118;000000;4607;4609;4542.2;4575.46;0;0
GLDRUB_TOM;D;20201119;000000;4565.28;4584.5;4556;4560.5;0;0
GLDRUB_TOM;D;20201120;000000;4556.92;4598;4556.6;4594;0;0
GLDRUB_TOM;D;20201123;000000;4568;4576.5;4500;4500;0;0
GLDRUB_TOM;D;20201124;000000;4459.5;4467.5;4391.5;4391.5;0;0
GLDRUB_TOM;D;20201125;000000;4392.69;4428;4386.51;4388;0;0
GLDRUB_TOM;D;20201126;000000;4396.34;4413.42;4392.12;4402;0;0
GLDRUB_TOM;D;20201127;000000;4402;4425.96;4345;4370;0;0
GLDRUB_TOM;D;20201130;000000;4353.84;4379;4315;4373;0;0
GLDRUB_TOM;D;20201201;000000;4380.41;4420.5;4380.41;4406.5;0;0
GLDRUB_TOM;D;20201202;000000;4400.5;4450.5;4400;4419;0;0
GLDRUB_TOM;D;20201203;000000;4440.5;4449.02;4377.5;4396;0;0
GLDRUB_TOM;D;20201204;000000;4396.02;4402;4351.51;4351.51;0;0
GLDRUB_TOM;D;20201207;000000;4396.46;4410;4350;4394.5;0;0
GLDRUB_TOM;D;20201208;000000;4424.5;4424.5;4381.73;4400;0;0
GLDRUB_TOM;D;20201209;000000;4379;4402.73;4350;4350;0;0
GLDRUB_TOM;D;20201210;000000;4359;4359;4309;4309;0;0
GLDRUB_TOM;D;20201211;000000;4309;4324.75;4299.5;4320;0;0
GLDRUB_TOM;D;20201214;000000;4304.26;4314.5;4278;4302.5;0;0
GLDRUB_TOM;D;20201215;000000;4351.84;4385;4340.78;4377;0;0
GLDRUB_TOM;D;20201216;000000;4376.11;4400.2;4373;4373;0;0
GLDRUB_TOM;D;20201217;000000;4395;4440;4389;4412;0;0
GLDRUB_TOM;D;20201218;000000;4440.96;4468;4430;4446.5;0;0
GLDRUB_TOM;D;20201221;000000;4535;4575.18;4495.06;4511;0;0
GLDRUB_TOM;D;20201222;000000;4517.57;4555.95;4516.14;4542;0;0
GLDRUB_TOM;D;20201223;000000;4538;4538;4490;4509.5;0;0
GLDRUB_TOM;D;20201224;000000;4525.42;4531.26;4460;4476;0;0
GLDRUB_TOM;D;20201225;000000;4543;4543;4475;4505;0;0
GLDRUB_TOM;D;20201228;000000;4490.44;4490.44;4444;4452;0;0
GLDRUB_TOM;D;20201229;000000;4446.5;4471;4426.5;4471;0;0
GLDRUB_TOM;D;20201230;000000;4455.67;4538;4455.67;4510;0;0
GLDRUB_TOM;D;20210104;000000;4560;4628;4540;4628;0;0
GLDRUB_TOM;D;20210105;000000;4657;4692;4649;4651;0;0
GLDRUB_TOM;D;20210106;000000;4606;4626.5;4567;4589;0;0
GLDRUB_TOM;D;20210108;000000;4541;4551.5;4420;4445;0;0
GLDRUB_TOM;D;20210111;000000;4416.5;4446.5;4412.3;4439.48;0;0
GLDRUB_TOM;D;20210112;000000;4443;4443;4356;4386;0;0
GLDRUB_TOM;D;20210113;000000;4390.52;4408.5;4388;4390;0;0
GLDRUB_TOM;D;20210114;000000;4366;4367;4332;4340;0;0
GLDRUB_TOM;D;20210115;000000;4371;4378;4323.5;4323.5;0;0
GLDRUB_TOM;D;20210118;000000;4365.17;4379.6;4359.43;4374;0;0
GLDRUB_TOM;D;20210119;000000;4364;4378;4350;4350;0;0
GLDRUB_TOM;D;20210120;000000;4365;4421;4344;4421;0;0
GLDRUB_TOM;D;20210121;000000;4414.08;4448.5;4405.05;4430;0;0
GLDRUB_TOM;D;20210122;000000;4446.34;4496;4430;4488;0;0
GLDRUB_TOM;D;20210125;000000;4445;4525.93;4442.96;4494;0;0
GLDRUB_TOM;D;20210126;000000;4506.41;4508.88;4469.5;4469.5;0;0
GLDRUB_TOM;D;20210127;000000;4460.45;4496;4458;4496;0;0
GLDRUB_TOM;D;20210128;000000;4489.24;4557.72;4481.5;4493;0;0
GLDRUB_TOM;D;20210129;000000;4532;4548.93;4489;4489;0;0
GLDRUB_TOM;D;20210201;000000;4524.02;4565.79;4515.87;4544.5;0;0
GLDRUB_TOM;D;20210202;000000;4523.69;4524.57;4440;4498;0;0
GLDRUB_TOM;D;20210203;000000;4504.01;4504.01;4470;4476;0;0
GLDRUB_TOM;D;20210204;000000;4455;4455;4340;4361.5;0;0
GLDRUB_TOM;D;20210205;000000;4350;4367.71;4315;4351;0;0
GLDRUB_TOM;D;20210208;000000;4341;4395;4330;4379.5;0;0
GLDRUB_TOM;D;20210209;000000;4381;4402.18;4368.91;4370;0;0
GLDRUB_TOM;D;20210210;000000;4384;4395;4359;4373;0;0
GLDRUB_TOM;D;20210211;000000;4372.98;4372.98;4318.79;4319;0;0
GLDRUB_TOM;D;20210212;000000;4329.64;4348.5;4305;4305;0;0
GLDRUB_TOM;D;20210215;000000;4289;4295;4278;4282;0;0
GLDRUB_TOM;D;20210216;000000;4292.62;4300.67;4245;4246.5;0;0
GLDRUB_TOM;D;20210217;000000;4254.43;4262;4204;4204;0;0
GLDRUB_TOM;D;20210218;000000;4220;4234.38;4215;4217;0;0
GLDRUB_TOM;D;20210219;000000;4211.42;4254;4203.98;4242.5;0;0
GLDRUB_TOM;D;20210220;000000;4242;4267;4242;4267;0;0
GLDRUB_TOM;D;20210222;000000;4301.5;4335;4301.5;4318;0;0
GLDRUB_TOM;D;20210224;000000;4289;4289;4234;4255;0;0
GLDRUB_TOM;D;20210225;000000;4232;4261;4218;4261;0;0
GLDRUB_TOM;D;20210226;000000;4227.81;4240.65;4125;4148;0;0
GLDRUB_TOM;D;20210301;000000;4177.5;4191.57;4106;4106;0;0
GLDRUB_TOM;D;20210302;000000;4100;4150.97;4089;4113;0;0
GLDRUB_TOM;D;20210303;000000;4108.94;4108.94;4056;4081.57;0;0
GLDRUB_TOM;D;20210304;000000;4061.5;4087;4025;4071.5;0;0
GLDRUB_TOM;D;20210305;000000;4048.69;4074;4048.5;4053.5;0;0
GLDRUB_TOM;D;20210309;000000;4038;4090.35;4038;4078;0;0
GLDRUB_TOM;D;20210310;000000;4083;4084.62;4067;4082;0;0
GLDRUB_TOM;D;20210311;000000;4093.5;4118.54;4058;4058;0;0
GLDRUB_TOM;D;20210312;000000;4053.48;4058;4017.5;4056;0;0
GLDRUB_TOM;D;20210315;000000;4066;4079.62;4053;4053;0;0
GLDRUB_TOM;D;20210316;000000;4058;4068.95;4040;4045;0;0
GLDRUB_TOM;D;20210317;000000;4074.67;4145.5;4074.67;4133.5;0;0
GLDRUB_TOM;D;20210318;000000;4139.53;4146;4095;4146;0;0
GLDRUB_TOM;D;20210319;000000;4153.56;4159;4119;4157.5;0;0
GLDRUB_TOM;D;20210322;000000;4163.5;4190.5;4140.38;4190.5;0;0
GLDRUB_TOM;D;20210323;000000;4202.74;4258;4202.74;4238;0;0
GLDRUB_TOM;D;20210324;000000;4256.11;4270;4225;4270;0;0
GLDRUB_TOM;D;20210325;000000;4259;4270.08;4220;4236.5;0;0
GLDRUB_TOM;D;20210326;000000;4214;4236;4202;4214;0;0
GLDRUB_TOM;D;20210329;000000;4210;4220.73;4163;4169;0;0
GLDRUB_TOM;D;20210330;000000;4142;4145;4104.01;4108;0;0
GLDRUB_TOM;D;20210331;000000;4109.56;4163;4073;4158;0;0
GLDRUB_TOM;D;20210401;000000;4180;4244.5;4174;4242;0;0
GLDRUB_TOM;D;20210402;000000;4354;4354;4237;4249;0;0
GLDRUB_TOM;D;20210405;000000;4234;4253;4227;4241;0;0
GLDRUB_TOM;D;20210406;000000;4253.25;4335;4248.51;4328.5;0;0
GLDRUB_TOM;D;20210407;000000;4330.01;4359;4304;4304;0;0
GLDRUB_TOM;D;20210408;000000;4301;4345.81;4301;4330.5;0;0
GLDRUB_TOM;D;20210409;000000;4331.68;4342.5;4310;4332;0;0
GLDRUB_TOM;D;20210412;000000;4333;4346.52;4295;4302;0;0
GLDRUB_TOM;D;20210413;000000;4299;4330;4258.5;4262;0;0
GLDRUB_TOM;D;20210414;000000;4247;4251;4215.5;4232.5;0;0
GLDRUB_TOM;D;20210415;000000;4300;4345;4289.36;4333;0;0
GLDRUB_TOM;D;20210416;000000;4317.5;4347.23;4275;4323;0;0
GLDRUB_TOM;D;20210419;000000;4357.89;4387.52;4344.22;4348;0;0
GLDRUB_TOM;D;20210420;000000;4324.01;4404;4316.22;4398.21;0;0
GLDRUB_TOM;D;20210421;000000;4398.5;4430.96;4372;4420;0;0
GLDRUB_TOM;D;20210422;000000;4416.1;4416.1;4310;4328.5;0;0
GLDRUB_TOM;D;20210423;000000;4323;4323;4263.5;4287.5;0;0
GLDRUB_TOM;D;20210426;000000;4287;4293;4269.58;4293;0;0
GLDRUB_TOM;D;20210427;000000;4294;4298.02;4280;4280;0;0
GLDRUB_TOM;D;20210428;000000;4265;4265;4235;4260;0;0
GLDRUB_TOM;D;20210429;000000;4261.5;4263.74;4215.46;4250;0;0
GLDRUB_TOM;D;20210430;000000;4250;4279.5;4249.4;4271;0;0
GLDRUB_TOM;D;20210504;000000;4315.5;4330;4272.5;4280;0;0
GLDRUB_TOM;D;20210505;000000;4278.5;4300.5;4264;4300.5;0;0
GLDRUB_TOM;D;20210506;000000;4307.5;4340.5;4295.5;4327;0;0
